DTUSAT                  
1 27842U 03031C   13240.79926086  .00000129  00000-0  78930-4 0  7594
2 27842  98.6911 248.8900 0009453  23.0211  55.5805 14.21479920527179
CUTE-1 (CO-55)          
1 27844U 03031E   13240.07571809  .00000204  00000-0  11355-3 0  7272
2 27844  98.7025 248.1067 0010408  47.8971 344.4835 14.21260307526948
QUAKESAT                
1 27845U 03031F   13240.07522358  .00000254  00000-0  13701-3 0  7764
2 27845  98.7119 248.2196 0009841  67.7381 328.5804 14.21048051526806
AAU CUBESAT             
1 27846U 03031G   13240.02237414  .00000149  00000-0  88112-4 0  6420
2 27846  98.6913 248.1149 0009434  25.2881  34.2047 14.21476980527062
CANX-1                  
1 27847U 03031H   13239.98270691  .00000149  00000-0  88214-4 0  6320
2 27847  98.6916 248.0413 0009486  25.4877   5.6311 14.21444235527001
CUBESAT XI-IV (CO-57)   
1 27848U 03031J   13241.07591578  .00000161  00000-0  94504-4 0  6721
2 27848  98.7112 248.6437 0010319  51.1037 341.2002 14.20981297527014
UWE-1                   
1 28892U 05043C   13240.60525613  .00000390  00000-0  88052-4 0  6063
2 28892  97.8573  90.8938 0016568 208.4786 185.1552 14.61182857417639
CUBESAT XI-V (CO-58)    
1 28895U 05043F   13240.60122180  .00000389  00000-0  87698-4 0  5587
2 28895  97.8615  92.3628 0017072 209.3360 150.6885 14.61210346417519
NCUBE-2                 
1 28897U 05043H   13241.14297831  .00000489  00000-0  10743-3 0  1353
2 28897  97.8593  92.8414 0016440 206.3212 277.7939 14.61487311409920
CSTB1                   
1 31122U 07012F   13239.99489763  .00000658  00000-0  14856-3 0  8908
2 31122  97.8688 238.6162 0083778 166.3299 228.2435 14.57189909338197
MAST                    
1 31126U 07012K   13241.13528043  .00000307  00000-0  77982-4 0  8390
2 31126  97.8868 232.9175 0093407 184.3362 268.1887 14.54655236337925
LIBERTAD-1              
1 31128U 07012M   13239.97587542  .00000387  00000-0  97367-4 0  9028
2 31128  97.9045 228.0661 0100327 204.4659 189.5394 14.53495351337416
POLYSAT CP3             
1 31129U 07012N   13241.00374322  .00000417  00000-0  10341-3 0  5392
2 31129  97.9037 229.5572 0099814 199.9031 193.5442 14.53781230337575
CAPE1                   
1 31130U 07012P   13240.46354035  .00000280  00000-0  73079-4 0  8403
2 31130  97.9044 228.6694 0100189 202.6263 157.0502 14.53598011337279
POLYSAT CP4             
1 31132U 07012Q   13239.96579743  .00000434  00000-0  10248-3 0  8491
2 31132  97.8678 237.4433 0084561 167.7856 214.2239 14.56583443338029
NTS (CANX-6)            
1 32784U 08021B   13240.76772938  .00000640  00000-0  84442-4 0  7167
2 32784  97.7433 294.7179 0016577  72.4712  60.2517 14.83263215288539
CUTE-1.7+APD II (CO-65) 
1 32785U 08021C   13241.19177444  .00001001  00000-0  12610-3 0  7234
2 32785  97.7446 296.6238 0015441  71.9191 321.2879 14.84069961288708
COMPASS-1               
1 32787U 08021E   13241.14615064  .00002599  00000-0  30433-3 0  7153
2 32787  97.7463 297.8035 0015869  67.8207 292.4691 14.85795401288799
AAUSAT-II               
1 32788U 08021F   13240.72754942  .00001588  00000-0  18612-3 0  6977
2 32788  97.7470 298.0852 0015357  68.4898 291.7954 14.86284611288772
DELFI-C3 (DO-64)        
1 32789U 08021G   13241.16363602  .00003571  00000-0  38340-3 0  7296
2 32789  97.7626 302.7294 0014487  59.9715 356.6040 14.89130928288989
CANX-2                  
1 32790U 08021H   13240.74201670  .00000828  00000-0  10565-3 0  7186
2 32790  97.7412 295.6355 0016195  73.8317  74.2220 14.83949757288607
SEEDS II (CO-66)        
1 32791U 08021J   13241.16033730  .00001279  00000-0  15626-3 0  6930
2 32791  97.7459 297.0832 0016300  69.5145 324.4232 14.84882516288708
SWISSCUBE               
1 35932U 09051B   13240.93378669  .00000425  00000-0  11250-3 0   992
2 35932  98.3627 348.3233 0008078 190.1971 169.9062 14.53665019208436
BEESAT                  
1 35933U 09051C   13240.30162983  .00000397  00000-0  10501-3 0  3858
2 35933  98.3610 348.3116 0005744 203.4720 156.6215 14.54058279208401
UWE-2                   
1 35934U 09051D   13241.08940468  .00000406  00000-0  10750-3 0  7465
2 35934  98.3566 348.4252 0006424 203.8185 156.2715 14.53903169208518
ITUPSAT 1               
1 35935U 09051E   13240.12623075  .00000491  00000-0  12897-3 0  2904
2 35935  98.3706 348.3373 0008384 195.2418 164.8527 14.53407417208294
TISAT 1                 
1 36799U 10035E   13241.30182037  .00002236  00000-0  27755-3 0  3950
2 36799  98.0328 326.4309 0014116 185.5896 174.5159 14.83594423169414
DICE-F                  
1 37851U 11061B   13240.28002227  .00002199  00000-0  17306-3 0  5858
2 37851 101.7082 127.3514 0235521 181.8243 325.4121 14.83640136 99117
DICE-Y                  
1 37852U 11061C   13240.28281719  .00002632  00000-0  20222-3 0  5846
2 37852 101.7075 127.9961 0232556 180.4627 328.3878 14.84524967 99135
RAX-2                   
1 37853U 11061D   13240.39074319  .00002940  00000-0  22629-3 0  5794
2 37853 101.7016 127.5001 0233314 180.3009 286.7489 14.84155878 99156
AUBIESAT-1              
1 37854U 11061E   13240.37071231  .00003967  00000-0  29520-3 0  5701
2 37854 101.7049 128.4926 0233097 178.7615 244.3358 14.84920387 99173
M-CUBED & EXP-1 PRIME   
1 37855U 11061F   13240.65652315  .00002570  00000-0  19626-3 0  5762
2 37855 101.7052 128.6155 0234119 178.5447 217.0253 14.84559905 99200
E-ST@R                  
1 38079U 12006C   13241.17170760  .00038592  31787-5  76702-3 0  3993
2 38079  69.4755   6.6425 0582905  39.7139  17.0209 14.53744814 80322
GOLIAT                  
1 38080U 12006D   13241.24243705  .00048230  33121-5  96779-3 0  3623
2 38080  69.4647   5.7228 0578468  40.2704 323.9724 14.54388800 80342
MASAT 1                 
1 38081U 12006E   13241.38548912  .00045094  32636-5  89603-3 0  3271
2 38081  69.4696   5.9463 0581471  39.9155 324.3042 14.53983214 80351
XATCOBEO                
1 38082U 12006F   13241.32051170  .00063925  36946-5  11610-2 0  4444
2 38082  69.4734 357.0095 0535939  34.3674 329.0917 14.65301014 80606
PW-SAT                  
1 38083U 12006G   13241.30540299  .00055006  34746-5  10519-2 0  5757
2 38083  69.4696   1.2932 0556545  36.9127 326.8955 14.59953521 80481
ROBUSTA                 
1 38084U 12006H   13241.27572307  .00048992  33016-5  96742-3 0  4408
2 38084  69.4741   8.0063 0588491  40.4975 323.8414 14.52593243 80299
UNICUBESAT GG           
1 38085U 12006J   13241.49050325  .00042215  00000-0  82488-3 0  3296
2 38085  69.4766   8.6645 0593598  40.7417 323.7088 14.51321936 80290
RAIKO                   
1 38852U 98067CN  13218.07382584  .24681979  12625-4  36599-3 0  3409
2 38852  51.6160 184.0336 0004489 261.9162 100.6538 16.48474690 47849
AAUSAT3                 
1 39087U 13009B   13241.04402787  .00000328  00000-0  13279-3 0  1566
2 39087  98.6278  71.0232 0013865  92.8140 267.4640 14.34117016 26433
STRAND 1                
1 39090U 13009E   13240.44996575  .00000379  00000-0  15058-3 0  1547
2 39090  98.6333  70.6095 0010495  91.9239 268.3178 14.34353366 26353
BRITE-AUSTRIA           
1 39091U 13009F   13240.56594777  .00000171  00000-0  76397-4 0  1532
2 39091  98.6279  70.6560 0011331  98.9128 261.3344 14.34529922 26377
UNIBRITE                
1 39092U 13009G   13240.51233494  .00000182  00000-0  80296-4 0  1562
2 39092  98.6283  70.5571 0010464  91.2450 268.9952 14.34404383 26364
DOVE-2                  
1 39132U 13015C   13240.76659320  .00002242  00000-0  19593-3 0  2236
2 39132  64.8780 341.3589 0001115  92.8911 267.2341 14.99327595 19700
AIST-2                  
1 39133U 13015D   13241.29305862  .00001725  00000-0  15350-3 0  3564
2 39133  64.8783 339.6033 0000714 213.2142 183.2619 14.99413548 19784
BEESAT-3                
1 39134U 13015E   13241.40117845  .00004913  00000-0  39746-3 0  3163
2 39134  64.8798 338.5631 0004795 210.2370 216.5017 15.00847103 19813
SOMP                    
1 39135U 13015F   13241.40507804  .00004440  00000-0  36131-3 0  2756
2 39135  64.8801 338.5827 0004734 209.9626 215.4174 15.00755060 19810
BEESAT-2                
1 39136U 13015G   13241.40334584  .00004341  00000-0  35348-3 0  3064
2 39136  64.8790 338.5747 0004724 210.8642 213.7437 15.00764540 19813
NEE-01 PEGASUS          
1 39151U 13018B   13241.25924320  .00001090  00000-0  16344-3 0  3625
2 39151  98.0696 316.9929 0017709 204.6537 155.3839 14.76546908 18451
TURKSAT-3USAT           
1 39152U 13018C   13241.33530142  .00001321  00000-0  19690-3 0  3613
2 39152  98.0468 316.7079 0017605 203.1098 156.9327 14.76473361 18455
CUBEBUG 1               
1 39153U 13018D   13241.25751425  .00001125  00000-0  16837-3 0  3560
2 39153  98.0696 316.9941 0017590 205.3300 154.7067 14.76575820 18463
ESTCUBE 1               
1 39161U 13021C   13241.24929858  .00000981  00000-0  17539-3 0  3175
2 39161  98.1254 319.1119 0008836 239.5040 120.5273 14.69084777 16723
