ALSAT 1                 
1 27559U 02054A   13240.48266358  .00000332  00000-0  62269-4 0  8829
2 27559  97.7626  75.9523 0024338 132.5447 282.8066 14.70395363574935
NIGERIASAT 1            
1 27941U 03042C   13241.30096425  .00000502  00000-0  73025-4 0  1666
2 27941  97.7836  83.0727 0053151  65.2633 295.4084 14.79152907531109
UK-DMC                  
1 27942U 03042D   13240.50937572  .00000357  00000-0  56478-4 0  9743
2 27942  97.7690  83.5249 0063489 268.3532 150.4706 14.76870679531135
BILSAT 1                
1 27943U 03042E   13241.32562870  .00000233  00000-0  53507-4 0    58
2 27943  97.8028  62.6743 0010801 329.1474  30.9097 14.63457543529858
BEIJING 1               
1 28890U 05043A   13241.31863738  .00000121  00000-0  33831-4 0  8859
2 28890  97.8464  90.6328 0014921 203.4255 156.6257 14.60515262417795
HJ-1A                   
1 33320U 08041A   13241.31180273  .00000720  00000-0  11400-3 0  4779
2 33320  97.8125 301.8883 0027223 170.6027 189.5693 14.74921768268056
HJ-1B                   
1 33321U 08041B   13241.34766610  .00000848  00000-0  13240-3 0  5358
2 33321  97.8150 302.2930 0036470 188.0736 171.9890 14.74937176268040
YAOGAN 4                
1 33446U 08061A   13241.34953244  .00000573  00000-0  92563-4 0  2335
2 33446  97.7314 292.4662 0018437 123.1458 237.1520 14.74819529255328
YAOGAN 5                
1 33456U 08064A   13241.37276861  .00020469  00000-0  38419-3 0  2431
2 33456  97.2082 314.8821 0005750 314.2355 113.9682 15.48632026262982
DEIMOS-1                
1 35681U 09041A   13241.36091786  .00000250  00000-0  49758-4 0  5224
2 35681  97.9918 138.6547 0001819  97.2193 262.9207 14.70006196219107
UK-DMC 2                
1 35683U 09041C   13241.32696548  .00000190  00000-0  39755-4 0  5419
2 35683  97.9915 137.7182 0001070 103.8367 256.2936 14.70045898219025
RISAT 1                 
1 38248U 12017A   13241.31657407  .00001963  00000-0  12835-3 0  5155
2 38248  97.5957 247.4149 0001993 104.1209  79.8320 15.08962499 73944
