ATS 1                   
1 02608U 66110A   13240.48632567 -.00000196  00000-0  10000-3 0  4874
2 02608   5.3438 304.2657 0008514 194.2650 165.7389  1.00296311 87897
ATS 3                   
1 03029U 67111A   13240.61539199 -.00000109  00000-0  00000+0 0  1210
2 03029   7.1533 309.0988 0016973  99.8226  44.2996  1.00272580167748
ORIZURU (DEBUT)         
1 20479U 90013B   13240.51842545 -.00000012  00000-0  53990-4 0  6439
2 20479  99.0219 256.5705 0538417 290.1003 244.3131 12.83751699103774
SURFSAT                 
1 23711U 95059B   13240.10193794  .00000007  00000-0  10459-3 0  4507
2 23711 100.4161 225.4355 0367693 226.7323 175.1062 13.12624360853549
MAQSAT H                
1 25023U 97066A   13239.84521656 -.00000249  00000-0 -64395-3 0  2748
2 25023   7.7971  73.5563 6506238  46.2062  11.4961  3.09779220178832
MAQSAT B                
1 25024U 97066B   13241.50641007 -.00000018  00000-0  00000+0 0  3864
2 25024   7.8306  70.4659 6516704  51.7342 350.8843  3.08803747178659
TEAMSAT                 
1 25025U 97066C   13238.75428111 -.00000113  00000-0 -94620-4 0  2601
2 25025   7.7732  91.0603 6513258  10.7261  10.7985  3.07934934178073
OPAL (OO-38)            
1 26063U 00004C   13240.16009102  .00000054  00000-0  38593-4 0  7663
2 26063 100.1896 328.0264 0036034 263.6554  96.0522 14.36208881711954
FALCONSAT               
1 26064U 00004D   13240.14704846  .00000026  00000-0  29143-4 0  7287
2 26064 100.1918 325.0135 0037266 274.3464 144.4100 14.35722738711750
PICOSAT 1 & 2 [TETHERED]
1 26080U 00004H   13240.98410188  .00000340  00000-0  12265-3 0  1852
2 26080 100.2004   6.1319 0032454 176.1937 250.7166 14.41433440712349
PICOSAT 3               
1 26091U 00004J   13240.38920749  .00000717  00000-0  21909-3 0  8745
2 26091 100.2068  25.9363 0031409 116.8959 298.4131 14.45568321712727
PICOSAT 4               
1 26092U 00004K   13240.98886594  .00000393  00000-0  13810-3 0  6774
2 26092 100.1853 358.4372 0035104 170.4222 256.0086 14.41554430711560
PICOSAT 5               
1 26093U 00004L   13240.48150308  .00000760  00000-0  22244-3 0  6013
2 26093 100.2083  37.2303 0032274  87.3683 273.1197 14.47479692713618
PICOSAT 6               
1 26094U 00004M   13240.25869951  .00000327  00000-0  12006-3 0  6104
2 26094 100.1888 354.6324 0034967 188.9715 235.7450 14.40744453710857
SNAP 1                  
1 26386U 00033C   13240.79613502  .00000361  00000-0  74147-4 0    26
2 26386  98.1827 306.3425 0012365  63.8363  74.9225 14.66441163703792
PICOSAT 9               
1 26930U 01043B   13239.97050841  .00000005  00000-0  33928-4 0  3932
2 26930  67.0026  41.7107 0009789 296.9609 207.7540 14.30301247621916
PROBA-1                 
1 26958U 01049B   13241.29008220  .00000979  00000-0  97403-4 0  3589
2 26958  97.4481 252.2538 0077215 300.1135  59.2426 14.91719784644325
BIRD 2                  
1 26959U 01049C   13241.31306131  .00003127  00000-0  14814-3 0  1484
2 26959  97.8527 104.7519 0012702 205.0881 275.5456 15.20070567654354
CUTE-1 (CO-55)          
1 27844U 03031E   13240.07571809  .00000204  00000-0  11355-3 0  7272
2 27844  98.7025 248.1067 0010408  47.8971 344.4835 14.21260307526948
CANX-1                  
1 27847U 03031H   13239.98270691  .00000149  00000-0  88214-4 0  6320
2 27847  98.6916 248.0413 0009486  25.4877   5.6311 14.21444235527001
CUBESAT XI-IV (CO-57)   
1 27848U 03031J   13241.07591578  .00000161  00000-0  94504-4 0  6721
2 27848  98.7112 248.6437 0010319  51.1037 341.2002 14.20981297527014
NAXING 1                
1 28221U 04012B   13240.50318073  .00000570  00000-0  64304-4 0  6102
2 28221  97.5237 210.1801 0012729 137.4328  10.6762 14.90102750508422
ST5-A                   
1 28980U 06008A   13241.14885049  .00015144  00000-0  78991-3 0  3683
2 28980 105.5927 289.8792 2229360 176.2820 236.3705 10.88525458289431
ST5-B                   
1 28981U 06008B   13238.83569258  .00025673  21902-5  72268-3 0  2831
2 28981 105.5118  11.4884 2042221  54.3575  70.2208 11.36453604293959
ST5-C                   
1 28982U 06008C   13240.95581334  .00022351  18995-5  76966-3 0  3396
2 28982 105.5114 347.2082 2106033  93.6332  24.6510 11.20352421292591
GENESIS 1               
1 29252U 06029A   13240.25024683  .00001814  00000-0  12856-3 0  9783
2 29252  64.5101 119.1083 0002694 290.2160 215.4384 15.08175765391626
FALCONSAT-3             
1 30776U 07006E   13240.82597775  .00003703  00000-0  21791-3 0  6843
2 30776  35.4302 116.1814 0002410 247.9529 182.4236 15.11265329356419
GENESIS 2               
1 31789U 07028A   13240.76033067  .00001637  00000-0  11674-3 0  7095
2 31789  64.5094 151.1819 0042869 231.8036 164.0563 15.07762852338851
APRIZESAT 4             
1 35684U 09041D   13240.35679976  .00000282  00000-0  46838-4 0  2675
2 35684  98.0531 156.7301 0047890 250.2684 258.4092 14.77201770219932
APRIZESAT 3             
1 35686U 09041F   13240.46682304  .00000430  00000-0  55783-4 0  2942
2 35686  98.1134 176.0170 0076958 206.5341 246.9001 14.84255346220945
PROBA-2                 
1 36037U 09059B   13240.59630610  .00000099  00000-0  35307-4 0  1994
2 36037  98.2942  71.9054 0012050 289.4580 111.5110 14.52403799202520
PRISMA (MANGO)          
1 36599U 10028B   13241.31030211  .00000090  00000-0  31686-4 0   847
2 36599  98.4907  54.0430 0084108 274.9437  84.2168 14.54995491168717
PRISMA (TANGO)          
1 36827U 10028F   13241.40498964  .00000148  00000-0  58487-4 0  6370
2 36827  98.3340  50.7913 0041790 261.5147  98.1232 14.41435648160391
APRIZESAT 5             
1 37792U 11044E   13241.28607971  .00000721  00000-0  11697-3 0  1864
2 37792  98.2239 336.2858 0060904 151.2630 209.1951 14.73156024109353
APRIZESAT 6             
1 37793U 11044F   13241.29541821  .00000648  00000-0  11377-3 0  2243
2 37793  98.2164 332.7050 0048820 157.8597 202.4730 14.70439126109156
ALMASAT-1               
1 38078U 12006B   13241.39903132  .00019861  00000-0  49489-3 0  5679
2 38078  69.4704  30.6765 0679933  52.8894 313.2401 14.28223422 79682
TET-1                   
1 38710U 12039D   13240.57528039  .00005392  00000-0  23052-3 0   617
2 38710  97.4764 152.4127 0003944 106.9130 253.2539 15.23263179 61162
STSAT-2C                
1 39068U 13003A   13240.80821635  .00020037 -85514-7  44195-3 0  2325
2 39068  80.2757 322.7472 0791428 308.0897  45.1370 14.06807337 29505
