LES 9                   
1 08747U 76023B   13238.61949575 -.00000118  00000-0  00000+0 0  9650
2 08747  13.0830 109.5461 0023161  26.6380 319.2336  1.00273804 82773
GOES 3                  
1 10953U 78062A   13241.30996010 -.00000136  00000-0  10000-3 0  3247
2 10953  14.4898 346.0817 0007162 111.8094 248.3096  1.00279044 82057
ESIAFI 1 (COMSTAR 4)    
1 12309U 81018A   13238.85087186 -.00000117  00000-0  10000-3 0  7108
2 12309  14.7184 356.0184 0002257 102.2693 257.7893  1.00259968120552
SATCOM C5               
1 13631U 82105A   13238.40757761 -.00000125  00000-0  10000-3 0  1731
2 13631  14.5495  15.9367 0004108  72.7126 287.3666  1.00273463 79474
GSTAR 1                 
1 15677U 85035A   13239.45182068 -.00000121  00000-0  00000+0 0  6844
2 15677  13.5233  32.9854 0004197   4.0728 355.9812  1.00272796 78347
GSTAR 3                 
1 19483U 88081A   13238.45247663 -.00000128  00000-0  00000+0 0  9502
2 19483  15.7381   5.3844 0009110  80.3871 306.5984  1.00273125 87713
TDRS 3                  
1 19548U 88091B   13239.46941958 -.00000311  00000-0  10000-3 0  1360
2 19548  14.2395  23.3557 0009565 337.7283  95.0761  1.00274623 78509
LEASAT 5                
1 20410U 90002B   13240.83931299 -.00000088  00000-0  10000-3 0  9735
2 20410  10.6276  23.8662 0002825 146.3917 181.1045  1.00270902 71814
COSMOS 2085             
1 20693U 90061A   13240.90708676 -.00000127  00000-0  10000-3 0  4618
2 20693  14.3678  19.7793 0006551  93.8947 266.2232  1.00261373 84620
SKYNET 4C               
1 20776U 90079A   13239.14510135 -.00000049  00000-0  10000-3 0  6888
2 20776  12.5848  30.9378 0002459 153.1678 202.3347  1.00272435 84044
INMARSAT 2-F1           
1 20918U 90093A   13240.69926165 -.00000238  00000-0  10000-3 0  5966
2 20918   9.6363  40.4043 0002156 169.7042 190.3991  0.98879178 80026
COSMOS 2133             
1 21111U 91010A   13239.89809904 -.00000160  00000-0  00000+0 0  6592
2 21111  13.7699  25.5057 0007742  77.3472 275.7079  1.00281676 82544
INMARSAT 2-F2           
1 21149U 91018A   13240.44239373  .00000084  00000-0  10000-3 0  6691
2 21149   8.9903  41.6635 0002767 115.3356 197.1527  1.00276191 82334
TDRS 5                  
1 21639U 91054B   13241.26815505  .00000080  00000-0  00000+0 0  3703
2 21639  12.8669  37.1703 0013087   1.9004 227.3456  1.00270927 80846
GORIZONT 27             
1 22245U 92082A   13239.14287494  .00000036  00000-0  00000+0 0  9429
2 22245  13.8914  27.8448 0009221 265.0286 107.1344  1.00195926 80291
COSMOS 2224             
1 22269U 92088A   13239.12333445  .00000029  00000-0  10000-3 0   223
2 22269  13.1416  30.6773 0006750 107.4882 252.6379  1.00227093 75272
TDRS 6                  
1 22314U 93003B   13240.42083679 -.00000302  00000-0  10000-3 0  3912
2 22314  12.2937  39.9912 0007086 355.4891  46.9171  1.00275871 75558
ASTRA 1C                
1 22653U 93031A   13240.27661828 -.00000013  00000-0  00000+0 0  1619
2 22653   6.0621  59.2742 0004340  93.3618 285.5888  1.00273349 69430
ACTS                    
1 22796U 93058B   13238.47308538 -.00000118  00000-0  10000-3 0  1926
2 22796  12.4852  39.2914 0016117   7.7574 352.3302  1.00271782 80008
INTELSAT 701 (IS-701)   
1 22871U 93066A   13240.48257981 -.00000306  00000-0  00000+0 0  2349
2 22871   1.4441  75.4964 0004731  39.5051 333.4518  1.00480944 72588
SOLIDARIDAD 1           
1 22911U 93073A   13240.48365638 -.00000111  00000-0  10000-3 0  7154
2 22911  11.1157  44.6385 0009049  99.7522 260.4331  1.00279736 71034
NATO 4B                 
1 22921U 93076A   13239.78031997  .00000121  00000-0  10000-3 0  9744
2 22921  10.7290  37.1124 0003318 122.3543 133.1501  1.00276123 72252
INTELSAT 702 (IS-702)   
1 23124U 94034A   13240.20999081  .00000134  00000-0  10000-3 0   140
2 23124   1.7926  74.3198 0003107  96.6645 274.1949  1.00273247 84495
APSTAR 1                
1 23185U 94043A   13241.13222711 -.00000113  00000-0  10000-3 0  4220
2 23185   7.7876  53.8625 0001370 154.9145 338.6695  1.00271713 69967
DIRECTV 2 (DBS 2)       
1 23192U 94047A   13240.21018475 -.00000134  00000-0  00000+0 0  1540
2 23192   5.9309  60.1013 0005608 202.9901 166.4839  0.98636547 79559
OPTUS B3                
1 23227U 94055A   13240.56655571 -.00000097  00000-0  10000-3 0  2735
2 23227   4.9501  62.1487 0004483  88.1908 194.5738  1.00272386 69560
NSS-703                 
1 23305U 94064A   13240.41730000 -.00000300  00000-0  00000+0 0  9242
2 23305   3.4283  67.2717 0003600  79.2891 293.4100  1.00271384 69303
SOLIDARIDAD 2           
1 23313U 94065A   13240.55802427  .00000000  00000-0  10000-3 0  4370
2 23313   4.7491  62.8917 0004613  98.7990 261.4722  1.00270524 69176
ASTRA 1D                
1 23331U 94070A   13241.15743707  .00000080  00000-0  00000+0 0  6979
2 23331   5.1477  61.2374 0003461  95.5566 289.5521  1.00272705 69428
RADUGA 32               
1 23448U 94087A   13237.95064338 -.00000153  00000-0  10000-3 0  6589
2 23448  13.1224  34.6078 0008258 120.0977 240.0376  1.00282341 86033
BRASILSAT B2            
1 23536U 95016A   13240.48257981 -.00000302  00000-0  00000+0 0  9269
2 23536   4.7711  63.0197 0002082  97.2683 287.1036  1.00271327 67524
AMSC 1                  
1 23553U 95019A   13239.60440697 -.00000126  00000-0  10000-3 0  7561
2 23553   7.9082  53.8736 0003291  85.2161 311.1750  1.00271731 67324
INTELSAT 706 (IS-706)   
1 23571U 95023A   13240.81463782 -.00000158  00000-0  00000+0 0  8461
2 23571   1.7264  74.1795 0003452  81.9536 271.3296  1.00272370 66946
TDRS 7                  
1 23613U 95035B   13240.59901027 -.00000211  00000-0  10000-3 0  5366
2 23613  13.7801  30.6874 0026819   6.3973 240.4299  1.00273390 66354
TELSTAR 4 (TELSTAR 402R)
1 23670U 95049A   13240.45883880 -.00000205  00000-0  10000-3 0  4794
2 23670   8.7035  51.4383 0003109  76.4743 283.6753  1.00284609 65668
LUCH 1                  
1 23680U 95054A   13238.97636522 -.00000136  00000-0  10000-3 0  2953
2 23680  12.1696  43.7722 0009892  33.8099 326.3227  1.00268965 65509
ASTRA 1E                
1 23686U 95055A   13240.21145955  .00000132  00000-0  10000-3 0  8495
2 23686   2.7625  70.7611 0005508  36.3342 336.8538  1.00271958 65471
ECHOSTAR 1              
1 23754U 95073A   13239.41822601 -.00000262  00000-0  10000-3 0  9565
2 23754   0.0041 204.5703 0002379 324.9257 239.6894  1.00270031 64557
ABS-1A                  
1 23768U 96003A   13241.02112557  .00000000  00000-0  10000-3 0  9239
2 23768   5.8365  59.6212 0000790 205.8883 154.2905  1.00270008 64532
INMARSAT 3-F1           
1 23839U 96020A   13240.95438454 -.00000009  00000-0  10000-3 0  9831
2 23839   1.2321  73.8092 0005359  78.4670 233.1167  1.00273745 63741
ASTRA 1F                
1 23842U 96021A   13241.08130993  .00000066  00000-0  00000+0 0    27
2 23842   0.0585  61.4953 0001675  98.5773 261.5227  1.00272718 63669
MSAT M1                 
1 23846U 96022A   13241.24477213 -.00000102  00000-0  00000+0 0  5464
2 23846   5.3538  60.9112 0005238  93.3342 164.9724  1.00272422 63574
PALAPA C2               
1 23864U 96030A   13240.89255153 -.00000218  00000-0  10000-3 0  7847
2 23864   2.9194  69.0831 0002137  92.0475 287.9425  1.00271591 63302
APSTAR 1A               
1 23943U 96039A   13241.15743707  .00000081  00000-0  10000-3 0  2034
2 23943   7.1415  55.7122 0001544 131.0687 258.9027  1.00275100 62853
INMARSAT 3-F2           
1 24307U 96053A   13241.29734463 -.00000142  00000-0  10000-3 0  8472
2 24307   0.0880 253.1864 0005911 254.4027 281.6262  1.00272624 62170
ECHOSTAR 2              
1 24313U 96055A   13239.58825153  .00000013  00000-0  10000-3 0  6167
2 24313   4.3902  63.8673 0005710  30.3337 329.9304  1.00202027 62189
AMC-1 (GE-1)            
1 24315U 96054A   13241.06677123  .00000000  00000-0  10000-3 0  1651
2 24315   0.0395 279.6792 0003845 237.3905 101.3944  1.00268599 62140
AFRICASAT-2 (MEASAT-2)  
1 24653U 96063B   13239.54106422 -.00000243  00000-0  00000+0 0  9412
2 24653   5.0552  61.7655 0003998  51.7126 205.1621  1.00268058 61532
EUTELSAT 48A            
1 24665U 96067A   13240.66510918  .00000101  00000-0  10000-3 0  7845
2 24665   3.8041  66.0039 0005376  92.4219 106.2648  1.00272930 61797
INMARSAT 3-F3           
1 24674U 96070A   13241.58767970  .00000020  00000-0  00000+0 0  9154
2 24674   0.6246  78.9246 0004895  83.7262 204.9409  1.00272077 61138
AMC-2 (GE-2)            
1 24713U 97002A   13236.50836776 -.00000252  00000-0  00000+0 0  6897
2 24713   1.6055  74.3343 0004098 112.0951 248.6835  1.00272151 11490
INTELSAT 26 (IS-26)     
1 24732U 97007A   13241.15743707  .00000065  00000-0  00000+0 0  4834
2 24732   5.0200  61.9199 0001886  83.8528 300.4770  1.00379764 60452
INTELSAT 801 (IS-801)   
1 24742U 97009A   13240.86717694 -.00000235  00000-0  10000-3 0  3980
2 24742   4.2511  64.5415 0003786  89.0697 106.3307  1.00272302 60454
DFH 3-2                 
1 24798U 97021A   13238.15069011  .00000104  00000-0  10000-3 0  2193
2 24798   8.4398  52.3277 0013236  26.5363 333.6510  1.00242426 59680
GALAXY 25 (G-25)        
1 24812U 97026A   13240.67487699  .00000000  00000-0  10000-3 0  7090
2 24812   0.0038 126.7061 0002937  34.2143 325.9925  1.00268595 59590
INMARSAT 3-F4           
1 24819U 97027A   13241.35240662 -.00000306  00000-0  10000-3 0  7327
2 24819   3.1674  67.1671 0004633  94.3354 249.0236  1.00268804 59547
SUPERBIRD-A3            
1 24880U 97036A   13240.98552752  .00000000  00000-0  10000-3 0  5686
2 24880   4.1400  64.7940 0006939  76.2627 284.0642  1.00266775 58744
ABS-3 (AGILA 2)         
1 24901U 97042A   13241.21769355 -.00000047  00000-0  10000-3 0  9533
2 24901   2.1873  73.0240 0005832  67.6068 272.2575  1.00273424 58686
INTELSAT 5 (IS-5)       
1 24916U 97046A   13241.06526756  .00000094  00000-0  10000-3 0  6394
2 24916   0.7449  78.8228 0004265  65.9633 266.2968  1.00271340 58754
METEOSAT-7              
1 24932U 97049B   13240.01980307  .00000041  00000-0  10000-3 0  7949
2 24932   8.5571  51.3541 0001792 114.4823 235.1342  1.00269502 58557
AMC-3 (GE-3)            
1 24936U 97050A   13241.25830164 -.00000292  00000-0  10000-3 0  6743
2 24936   0.0528 281.7836 0002247 281.8950 159.9249  1.00272114 58576
NSS-5                   
1 24957U 97053A   13240.97937464  .00000092  00000-0  00000+0 0  6739
2 24957   1.0545  77.2967 0003523  72.5979 230.5145  1.00274005 58354
ECHOSTAR 3              
1 25004U 97059A   13240.48257981 -.00000302  00000-0  10000-3 0  5609
2 25004   0.0553 288.1939 0001102 228.5124 292.0838  1.00272582 58264
INDOSTAR 1              
1 25050U 97071B   13240.20870527  .00000129  00000-0  00000+0 0   359
2 25050   6.9854  56.0970 0004447  61.4183 330.8206  1.00231376 57877
JCSAT-1B                
1 25067U 97075A   13239.73632537 -.00000224  00000-0  10000-3 0  8703
2 25067   2.9335  68.8569 0004746  94.9761 227.3299  1.00270749 57661
ASTRA 1G                
1 25071U 97076A   13240.21145955  .00000134  00000-0  00000+0 0  4291
2 25071   0.0494 338.5906 0003106 179.1972 286.3954  1.00273731 57670
HGS-1 (ASIASAT 3)       
1 25126U 97086A   13238.67118371  .00000094  00000-0  10000-3 0  8072
2 25126   5.1276  75.3101 0042244 285.0530  74.6788  1.00190161 58243
BRASILSAT B3            
1 25152U 98006A   13240.55300624 -.00000189  00000-0  10000-3 0  9165
2 25152   1.2853  77.7444 0003017  69.4001 296.8732  1.00270922 57080
INMARSAT 3-F5           
1 25153U 98006B   13240.66299385  .00000120  00000-0  10000-3 0  7677
2 25153   0.1747 343.6890 0005074 183.8760  72.7023  1.00272955 57047
EUTELSAT 16B            
1 25237U 98013A   13241.28525470  .00000083  00000-0  10000-3 0  6851
2 25237   1.5873  75.2143 0005191  80.3552 300.5513  1.00273202 57091
NSS-806                 
1 25239U 98014A   13240.34604234 -.00000282  00000-0  00000+0 0  1599
2 25239   0.0209 338.5904 0002826 176.5038 265.6957  1.00271587 56848
COSMOS 2350             
1 25315U 98025A   13238.99833239 -.00000068  00000-0  10000-3 0  8733
2 25315  10.5661  44.3317 0010354  53.9615 306.2180  1.00278794 56156
CHINASAT 5A (ZX 5A)     
1 25354U 98033A   13239.58373627 -.00000255  00000-0  10000-3 0  8010
2 25354   0.0198  73.0100 0006781 199.4144   1.3021  1.00399803 60392
THOR III                
1 25358U 98035A   13241.21894894 -.00000058  00000-0  00000+0 0  2934
2 25358   2.8533  69.0584 0002652 110.2789 232.7552  1.00272893 55830
INTELSAT 805 (IS-805)   
1 25371U 98037A   13240.87540662  .00000000  00000-0  10000-3 0  2024
2 25371   0.0415 262.5774 0003207 259.8429  74.4758  1.00267488 55601
CHINASAT 5B (ZX 5B)     
1 25404U 98044A   13241.37911451 -.00000127  00000-0  10000-3 0  2888
2 25404   1.6468  73.8708 0008340  68.1942 255.7583  0.99177843 55531
ST-1                    
1 25460U 98049A   13239.68792799 -.00000288  00000-0  10000-3 0  5553
2 25460   1.7016  74.1851 0003947 103.8413 187.6751  1.00269549 54980
ASTRA 2A                
1 25462U 98050A   13235.00000000  .00000121  00000-0  00000+0 0  6377
2 25462   0.0400 152.2350 0004037 346.4450 220.9350  1.00266256 54922
INTELSAT 7 (IS-7)       
1 25473U 98052A   13240.91760589 -.00000046  00000-0  10000-3 0  6936
2 25473   0.3195  81.2357 0003668  61.2684 233.7842  1.00273407 54773
SIRIUS 3                
1 25492U 98056B   13240.13755801  .00000085  00000-0  00000+0 0  3693
2 25492   3.9457  65.5154 0001216  78.7324 293.0146  1.00274997 54653
EUTELSAT 25A            
1 25495U 98057A   13240.19962760  .00000006  00000-0  10000-3 0  6014
2 25495   0.5786  77.1813 0005805  98.9493 236.3076  1.00274103 54565
AFRISTAR                
1 25515U 98063A   13240.28123361  .00000107  00000-0  00000+0 0  3227
2 25515   1.0112  76.4387 0004364  78.8371 303.6279  1.00274942 54346
AMC-5 (GE-5)            
1 25516U 98063B   13240.41789203 -.00000247  00000-0  10000-3 0  2956
2 25516   2.7124  70.1989 0007120  60.6204 275.5390  1.00273317 54373
INTELSAT 8 (IS-8)       
1 25522U 98065A   13240.69088895 -.00000051  00000-0  00000+0 0  4875
2 25522   0.0520 262.2758 0003236 250.1311 242.3608  1.00272247 54340
BONUM-1                 
1 25546U 98068A   13240.65922451  .00000057  00000-0  10000-3 0  4640
2 25546   1.6026  75.3939 0001934  54.7635 140.1760  1.00273796 54162
SATMEX 5                
1 25558U 98070A   13240.61805999 -.00000046  00000-0  10000-3 0  2501
2 25558   0.3277  81.1716 0004060  87.0006 276.4165  1.00273536 54165
GALAXY 26 (G-26)        
1 25626U 99005A   13239.07377528  .00000093  00000-0  10000-3 0  2798
2 25626   0.0613 278.3111 0003436 235.8708 257.8219  1.00273307 53246
JCSAT-4A                
1 25630U 99006A   13240.82937477 -.00000175  00000-0  10000-3 0  2819
2 25630   0.0252 260.5747 0002154 251.7418 205.3972  1.00271749 53117
SKYNET 4E               
1 25639U 99009B   13238.10546801  .00000122  00000-0  10000-3 0  4314
2 25639   8.4049  40.3824 0003160 111.0798 253.3251  1.00270830 53134
ASIASAT 3S              
1 25657U 99013A   13240.47770343 -.00000354  00000-0  10000-3 0  5513
2 25657   0.0091 203.7098 0002451 305.6049 104.9819  1.00269301 52938
EUTELSAT 21A            
1 25673U 99018A   13239.07373716  .00000102  00000-0  10000-3 0  6806
2 25673   0.6383  79.8183 0004357  71.7744 258.4406  1.00274830 52696
NIMIQ 1                 
1 25740U 99027A   13240.41692162 -.00000286  00000-0  10000-3 0  3946
2 25740   0.0595 271.4598 0000944 167.1320  13.0042  0.99571214 52322
ASTRA 1H                
1 25785U 99033A   13240.13755801  .00000081  00000-0  00000+0 0  3397
2 25785   1.0371  77.6888 0002771  81.1408 279.4916  1.00272857 52034
TELKOM 1                
1 25880U 99042A   13239.83142358 -.00000365  00000-0  10000-3 0  5781
2 25880   0.0367 235.7850 0001652 343.1095 164.6122  1.00268039 51502
ABS-7                   
1 25894U 99046A   13239.76240602 -.00000383  00000-0  10000-3 0  4085
2 25894   0.0513 255.0066 0001435 328.1624 143.3059  1.00272102 50276
GALAXY 27 (G-27)        
1 25922U 99052A   13240.14864723  .00000027  00000-0  10000-3 0  3032
2 25922   0.3942  79.7671 0002865  89.5608 280.8032  1.00273691 51002
ABS-1                   
1 25924U 99053A   13241.24845556  .00000000  00000-0  10000-3 0  4649
2 25924   0.0182 158.8309 0002103 340.4943   2.6868  1.00268607 51020
DIRECTV 1R              
1 25937U 99056A   13239.65127925  .00000058  00000-0  10000-3 0  5588
2 25937   0.9953  76.2309 0002998  85.3405 104.7027  1.00272362 50878
TELSTAR 12 (ORION 2)    
1 25949U 99059A   13238.84042912 -.00000141  00000-0  10000-3 0  4084
2 25949   0.0321 287.0268 0003148 225.0883 110.6708  1.00272272 50735
AMC-4 (GE-4)            
1 25954U 99060A   13240.34543251 -.00000293  00000-0  10000-3 0  6341
2 25954   0.0090 264.8072 0002754 215.6230 273.6412  1.00271462 50601
GALAXY 11 (G-11)        
1 26038U 99071A   13241.06264525 -.00000305  00000-0  10000-3 0  6716
2 26038   0.0278  68.1524 0000350  31.2396 204.8951  1.00269855 50220
HISPASAT 1C             
1 26071U 00007A   13236.86854938 -.00000242  00000-0  00000+0 0   516
2 26071   0.0403 334.2989 0003816 158.4015 123.2483  1.00271335 49722
GARUDA 1                
1 26089U 00011A   13239.87449374 -.00000378  00000-0  10000-3 0  2537
2 26089   1.0801 222.4930 0003275 322.9621 228.6694  1.00273126 49610
SUPERBIRD-B2            
1 26095U 00012A   13240.35497530 -.00000112  00000-0  10000-3 0  5659
2 26095   0.0375 260.2201 0002458 251.8782 114.4292  1.00272458 49593
EXPRESS-A2              
1 26098U 00013A   13240.89136297 -.00000341  00000-0  10000-3 0   471
2 26098   6.6755  57.1517 0030997  89.3788 254.2227  1.00274436 49300
ASIASTAR                
1 26107U 00016A   13238.48608913 -.00000355  00000-0  10000-3 0  4622
2 26107   0.0333 309.1353 0004468 201.0430 104.7062  1.00274325 49246
EUTELSAT 16C            
1 26243U 00019A   13240.13886487  .00000074  00000-0  10000-3 0  3171
2 26243   1.5158  74.3189 0002643  82.9305 243.7185  1.00272511 48936
EUTELSAT 36A            
1 26369U 00028A   13239.11866487  .00000134  00000-0  10000-3 0  3542
2 26369   0.0678 353.0941 0004084 164.1779 257.0648  1.00275598 48589
TDRS 8                  
1 26388U 00034A   13240.82956174 -.00000239  00000-0  10000-3 0  9726
2 26388   4.8951  70.6033 0005025  88.7367 205.4306  1.00265870 48300
COSMOS 2371             
1 26394U 00036A   13238.99346449 -.00000113  00000-0  10000-3 0  2665
2 26394   9.9210  47.8863 0005522  48.9772 311.1636  1.00261088 48148
ECHOSTAR 6              
1 26402U 00038A   13241.54066753  .00000000  00000-0  10000-3 0  5431
2 26402   1.4284  75.6748 0003090 132.0037 228.6537  1.00267116 48087
INTELSAT 9 (IS-9)       
1 26451U 00043A   13241.06297304 -.00000289  00000-0  10000-3 0   981
2 26451   0.7290  79.2983 0003068  85.7713 151.9415  1.00271343 47967
BRASILSAT B4            
1 26469U 00046A   13240.55176610 -.00000231  00000-0  10000-3 0  3511
2 26469   0.0598 226.9614 0002697 306.9946 277.5805  1.00269400 47751
NILESAT 102             
1 26470U 00046B   13239.07242601 -.00000080  00000-0  10000-3 0    49
2 26470   0.0588 299.8546 0002890 226.9735 187.6948  1.00271755 47730
RADUGA-1 5              
1 26477U 00049A   13239.08201149  .00000110  00000-0  10000-3 0  6377
2 26477   9.7984  48.4189 0003989  53.3332 306.7996  1.00274124 47593
ASTRA 2B                
1 26494U 00054A   13235.00000000  .00000092  00000-0  00000+0 0  2429
2 26494   0.0560  51.1080 0001964  90.1190 209.6470  1.00267788 47393
AMC-7 (GE-7)            
1 26495U 00054B   13241.19388266  .00000000  00000-0  10000-3 0  2277
2 26495   0.0275 294.6417 0002796 225.0225 110.6876  1.00269412 47271
NSS-11 (AAP-1)          
1 26554U 00059A   13240.78717509 -.00000365  00000-0  10000-3 0  4444
2 26554   0.0572 280.2457 0002570 211.5186 236.9683  1.00271315 47327
N-SAT-110 (JCSAT-110)   
1 26559U 00060A   13239.51649874 -.00000372  00000-0  10000-3 0  3783
2 26559   0.0430 283.5859 0000261 196.9004 151.4267  1.00271353 47238
AMC-6 (GE-6)            
1 26580U 00067A   13240.42063049 -.00000280  00000-0  10000-3 0  3250
2 26580   0.0570 285.3909 0003184 208.2393 282.5888  1.00271384 47103
INTELSAT 12 (IS-12)     
1 26590U 00068A   13240.98283551  .00000117  00000-0  10000-3 0   867
2 26590   0.0285  63.1728 0003369  82.2332 230.7617  1.00274144 47030
INTELSAT 1R (IS-1R)     
1 26608U 00072A   13241.06279772 -.00000302  00000-0  10000-3 0  7596
2 26608   0.0041 247.7534 0000042 266.7701 155.5126  1.00272887 46871
ANIK F1                 
1 26624U 00076A   13241.41241184 -.00000094  00000-0  00000+0 0  1006
2 26624   0.0162 159.7818 0003032 357.3718 221.7911  1.00273111 46865
ASTRA 2D                
1 26638U 00081A   13240.66354457  .00000129  00000-0  00000+0 0  3393
2 26638   1.1971  77.9180 0000712  75.0913  90.8824  1.00274505 46569
AMC-8 (GE-8)            
1 26639U 00081B   13240.62938200  .00000000  00000-0  10000-3 0  2295
2 26639   0.0170 339.7523 0002834 159.9909 284.8390  1.00269704 46011
TURKSAT 2A              
1 26666U 01002A   13236.09018028  .00000119  00000-0  10000-3 0  3193
2 26666   0.0408 330.5465 0003856 172.6264 263.7761  1.00273052 46233
SKYNET 4F               
1 26695U 01005B   13240.17498220 -.00000261  00000-0  10000-3 0  9384
2 26695   6.8923  47.7127 0006796  84.2384 233.6797  1.00272260 45997
EUTELSAT 28A            
1 26719U 01011A   13240.06896856  .00000130  00000-0  10000-3 0  5002
2 26719   0.0613 337.4749 0005323 181.6667 230.6525  1.00275571 45709
XM-2 (ROCK)             
1 26724U 01012A   13240.38331697 -.00000044  00000-0  10000-3 0  5950
2 26724   0.1970 281.0068 0003496  22.0695  56.4242  1.00273233 45666
XM-1 (ROLL)             
1 26761U 01018A   13241.33005038 -.00000042  00000-0  10000-3 0  4520
2 26761   0.2063 265.3951 0003767 317.6553 118.2020  1.00272812 45140
INTELSAT 10 (IS-10)     
1 26766U 01019A   13239.64859816  .00000105  00000-0  10000-3 0  3166
2 26766   0.0189 245.7020 0001825 277.6822  93.6793  1.00276414 45031
INTELSAT 901 (IS-901)   
1 26824U 01024A   13240.33727443 -.00000161  00000-0  10000-3 0  1548
2 26824   0.0195  66.1370 0003424  87.2681 286.7040  1.00271754 44795
ASTRA 2C                
1 26853U 01025A   13235.00000000  .00000090  00000-0  00000+0 0    41
2 26853   0.0440 342.9710 0001738  76.6210 291.0570  1.00263408 44670
ARTEMIS                 
1 26863U 01029A   13240.20522346  .00000099  00000-0  10000-3 0  5540
2 26863  10.7600  48.8908 0003869 129.3937 253.6218  1.00275796 45539
GOES 12                 
1 26871U 01031A   13241.38892193  .00000043  00000-0  10000-3 0  2021
2 26871   3.6361  73.2781 0004668 167.2452 123.0946  0.99135290 44386
INTELSAT 902 (IS-902)   
1 26900U 01039A   13239.13339388  .00000011  00000-0  10000-3 0  1758
2 26900   0.0074 122.7115 0003408  39.9874 282.8492  1.00273441 43952
EUTELSAT 8 WEST A       
1 26927U 01042A   13240.13833126 -.00000087  00000-0  10000-3 0  9327
2 26927   0.0615   0.3285 0005812 151.6696 226.2276  1.00272798 43705
DIRECTV 4S              
1 26985U 01052A   13241.34937140 -.00000134  00000-0  00000+0 0  1293
2 26985   0.0421 277.8150 0001334 156.8212 287.7163  1.00274610 43120
INSAT-3C                
1 27298U 02002A   13241.01999416 -.00000097  00000-0  10000-3 0  2514
2 27298   0.0751 259.0207 0007361 223.4006 296.1413  1.00273963 42498
ECHOSTAR 7              
1 27378U 02006A   13241.12287823 -.00000020  00000-0  10000-3 0  3057
2 27378   0.0529 284.9061 0001285 215.7026 122.2993  1.00271537 42183
INTELSAT 904 (IS-904)   
1 27380U 02007A   13240.59158766  .00000029  00000-0  10000-3 0  2219
2 27380   0.0174  52.0349 0003107 104.6138  93.2723  1.00270175 42219
TDRS 9                  
1 27389U 02011A   13241.34173138 -.00000280  00000-0  10000-3 0  2217
2 27389   2.4031 108.9660 0008811 305.1663   5.7546  1.00271431 43567
JCSAT-2A                
1 27399U 02015A   13240.48909429  .00000000  00000-0  10000-3 0   482
2 27399   0.0001  17.7604 0001702 146.4132 142.7115  1.00265932 40619
ASTRA 3A                
1 27400U 02015B   13241.10790079  .00000117  00000-0  00000+0 0  8824
2 27400   1.0794  76.1303 0004163 184.2572 139.6065  1.00271335 41882
INTELSAT 903 (IS-903)   
1 27403U 02016A   13240.41692162 -.00000259  00000-0  00000+0 0  9161
2 27403   0.0222  81.4453 0003155  84.7751 286.1560  1.00271316 41874
NSS-7                   
1 27414U 02019A   13239.39592468 -.00000176  00000-0  00000+0 0  2025
2 27414   0.0259  10.3096 0002585 149.8113 298.2010  1.00272730 41696
DIRECTV 5 (TEMPO 1)     
1 27426U 02023A   13240.37418758 -.00000076  00000-0  10000-3 0  2352
2 27426   0.0121 115.2306 0003494  51.9788 194.1249  1.00272475 41444
INTELSAT 905 (IS-905)   
1 27438U 02027A   13238.14471883 -.00000207  00000-0  10000-3 0  7451
2 27438   0.0057 105.3911 0002989  38.4873 218.2683  1.00272938 41174
EXPRESS-A4              
1 27441U 02029A   13240.79629811 -.00000134  00000-0  10000-3 0  3496
2 27441   3.4850  67.2177 0005800  58.9119 123.6844  1.00271078 41094
GALAXY 3C (G-3C)        
1 27445U 02030A   13241.34038973 -.00000171  00000-0  10000-3 0  8594
2 27445   0.0127 318.5717 0003052 153.8375 252.8224  1.00272268 41084
EUTELSAT 5 WEST A       
1 27460U 02035A   13241.21894894 -.00000062  00000-0  10000-3 0  9875
2 27460   0.0408 343.4411 0004865 159.3456 268.6158  1.00272798 40870
N-STAR C                
1 27461U 02035B   13239.44863226 -.00000328  00000-0  10000-3 0  7449
2 27461   1.9037  74.5261 0002774  87.0240 111.7984  1.00271200 40859
EUTELSAT HOT BIRD 13A   
1 27499U 02038A   13240.13833126 -.00000085  00000-0  10000-3 0  4107
2 27499   0.0340  44.6443 0004572  88.6824 245.1616  1.00272421 40377
ECHOSTAR 8              
1 27501U 02039A   13240.41805856 -.00000262  00000-0  10000-3 0  2893
2 27501   0.0456 277.7512 0003090 243.3595 249.2823  1.00271627 40398
EUTELSAT 12 WEST A      
1 27508U 02040A   13240.06796234 -.00000121  00000-0  10000-3 0   962
2 27508   0.0794  19.0481 0003575 149.7939 179.5450  1.00271480 40366
METEOSAT-8 (MSG-1)      
1 27509U 02040B   13241.06416985  .00000002  00000-0  00000+0 0  5165
2 27509   2.2683  62.6103 0001227 116.7978 184.6562  1.00275565 40372
INTELSAT 906 (IS-906)   
1 27513U 02041A   13240.14429031 -.00000006  00000-0  10000-3 0  9585
2 27513   0.0133  88.2249 0003075  79.5478 284.8269  1.00272282 40248
KODAMA (DRTS)           
1 27516U 02042B   13241.01080750  .00000000  00000-0  10000-3 0  2347
2 27516   2.3656  71.5584 0002387  72.9548 287.4757  1.00266418 39831
KALPANA-1 (METSAT 1)    
1 27525U 02043A   13240.59512168 -.00000099  00000-0  00000+0 0  7656
2 27525   3.7959  66.1183 0009480 196.1043   2.9175  1.00272626 40167
HISPASAT 1D             
1 27528U 02044A   13235.40000000 -.00000244  00000-0  00000+0 0  8700
2 27528   0.0430 316.2500 0003136 220.7200 268.8560  1.00272001 40053
EUTELSAT 25C            
1 27554U 02051A   13241.06470346  .00000124  00000-0  10000-3 0  9612
2 27554   0.0596  40.1548 0003868 133.4647 212.6096  1.00276937 39508
TDRS 10                 
1 27566U 02055A   13240.69040743  .00000065  00000-0  10000-3 0  9299
2 27566   2.4494  64.3033 0007502 167.2970 179.7400  1.00278147 39376
NSS-6                   
1 27603U 02057A   13239.88180666 -.00000290  00000-0  10000-3 0  7852
2 27603   0.0546 273.4830 0003167 251.4230 223.8005  1.00271932 39238
NIMIQ 2                 
1 27632U 02062A   13240.31569690 -.00000194  00000-0  00000+0 0  7531
2 27632   0.0549 255.8151 0002855 306.4907 156.8825  1.00272469 39082
INTELSAT 907 (IS-907)   
1 27683U 03007A   13238.37635501 -.00000225  00000-0  00000+0 0  5134
2 27683   0.0231  57.2764 0003636  94.1184 291.3696  1.00272121 38586
INSAT-3A                
1 27714U 03013A   13241.54182313 -.00000278  00000-0  10000-3 0  8414
2 27714   0.0244 236.0798 0004510 333.9130  56.4788  1.00273623 38081
GALAXY 12 (G-12)        
1 27715U 03013B   13240.44121317  .00000038  00000-0  10000-3 0  7850
2 27715   0.0600 265.0461 0002206 259.0968 202.5099  1.00273736 38123
ASIASAT 4               
1 27718U 03014A   13240.88102186 -.00000379  00000-0  10000-3 0  3951
2 27718   0.0103 216.9090 0000497 248.8499 310.7886  1.00273669 38066
HELLAS-SAT 2            
1 27811U 03020A   13241.10770993  .00000132  00000-0  10000-3 0  6886
2 27811   0.0240 285.6157 0004240 224.4926 265.1495  1.00275557 37611
AMC-9 (GE-12)           
1 27820U 03024A   13239.53867917 -.00000237  00000-0  00000+0 0  8443
2 27820   0.0496 293.4394 0003095 224.8613 288.5364  1.00272581 37470
THURAYA-2               
1 27825U 03026A   13241.14993162  .00000115  00000-0  00000+0 0  5702
2 27825   3.6187  20.0456 0004854 138.0719 277.3953  1.00272174 37480
BSAT-2C                 
1 27830U 03028A   13241.35218670 -.00000260  00000-0  10000-3 0  8639
2 27830   0.2128  64.2068 0003133 185.4178 192.5184  0.99202977 37459
OPTUS C1                
1 27831U 03028B   13240.81463782 -.00000167  00000-0  10000-3 0  8968
2 27831   0.0275 207.3387 0004486 314.6869 264.4364  1.00272806 37449
ECHOSTAR 12 (RAINBOW 1) 
1 27852U 03033A   13241.31016744 -.00000302  00000-0  00000+0 0  8433
2 27852   0.0565 279.1853 0000999 247.2050 221.5966  1.00272495 37117
GALAXY 23 (G-23)        
1 27854U 03034A   13241.10894044  .00000000  00000-0  10000-3 0  8136
2 27854   0.0151 337.6999 0003336 188.8232  89.1610  1.00268045 36873
EUTELSAT 33A            
1 27948U 03043A   13241.14582358  .00000136  00000-0  10000-3 0  9418
2 27948   0.0419 313.3055 0002420 214.9437 254.8775  1.00276476 36453
INSAT-3E                
1 27951U 03043E   13241.08501154  .00000064  00000-0  10000-3 0  9432
2 27951   0.0684 268.2238 0009144 236.6893 278.2732  1.00273847 36350
GALAXY 13 (HORIZONS-1)  
1 27954U 03044A   13238.57612935  .00000025  00000-0  00000+0 0  6750
2 27954   0.0067 134.1775 0002660 311.4538 329.7322  1.00274120 36340
ZHONGXING-20            
1 28082U 03052A   13240.96394196 -.00000343  00000-0  10000-3 0  9846
2 28082   0.7037  78.4676 0003359 127.9527 221.1078  1.00276566 35901
YAMAL 202               
1 28089U 03053A   13240.13436938  .00000099  00000-0  10000-3 0  8334
2 28089   0.0120 159.2873 0003683   9.0012 265.5498  1.00270778 35817
YAMAL 201               
1 28094U 03053B   13240.49443514  .00000000  00000-0  10000-3 0  3491
2 28094   0.0465 266.0906 0001887 267.0522  71.6631  1.00266676 36666
AMOS-2                  
1 28132U 03059A   13240.34941546 -.00000055  00000-0  00000+0 0  6075
2 28132   0.0656 255.0930 0003238 255.3560 308.0257  1.00273280 35502
EXPRESS-AM22 (SESAT 2)  
1 28134U 03060A   13240.06953267  .00000077  00000-0  10000-3 0  9566
2 28134   0.0441 286.2507 0001649 271.5430 216.6905  1.00273348 35422
AMC-10 (GE-10)          
1 28154U 04003A   13241.12620061  .00000000  00000-0  10000-3 0  8326
2 28154   0.0354 275.5601 0002464 237.1994  95.1711  1.00271392 35019
MBSAT                   
1 28184U 04007A   13240.79770841  .00000000  00000-0  10000-3 0  7168
2 28184   0.0111 272.5445 0001831 240.0315 186.4113  1.00267930 34633
EUTELSAT 7A             
1 28187U 04008A   13240.27757338  .00000027  00000-0  10000-3 0  6439
2 28187   0.0671 353.6192 0004145 167.7070 282.2294  1.00271732 34697
DIRECTV 7S              
1 28238U 04016A   13241.55423385  .00000002  00000-0  10000-3 0  8209
2 28238   0.0316  23.4564 0002853 126.1207 268.8705  1.00271648 34200
AMC-11 (GE-11)          
1 28252U 04017A   13240.68007848  .00000049  00000-0  10000-3 0  5221
2 28252   0.0553 283.7369 0002883 254.3223 272.8209  1.00274336 33994
INTELSAT 10-02          
1 28358U 04022A   13240.20235556 -.00000031  00000-0  10000-3 0  6077
2 28358   0.0158 151.7738 0000664 352.7515 263.9374  1.00273095 33746
APSTAR 5 (TELSTAR 18)   
1 28364U 04024A   13240.88141888 -.00000314  00000-0  10000-3 0  7035
2 28364   0.0346 289.1611 0002397 227.5304 275.8586  1.00271332 33736
ANIK F2                 
1 28378U 04027A   13241.33994760 -.00000069  00000-0  10000-3 0  3751
2 28378   0.0338   2.3288 0000081  34.6426 312.0299  1.00272638 33473
AMAZONAS 1              
1 28393U 04031A   13239.09514961 -.00000301  00000-0  10000-3 0  2213
2 28393   0.0388  13.1946 0002844 138.8289 169.7095  1.00270543 33226
AMC-15                  
1 28446U 04041A   13241.08447441 -.00000116  00000-0  10000-3 0  8279
2 28446   0.0136 339.3564 0002646 205.0994  78.3675  1.00268110 32512
FENGYUN 2C              
1 28451U 04042A   13240.47811507 -.00000380  00000-0  10000-3 0  7627
2 28451   4.8818  61.7191 0000914  88.9004 121.6305  1.00262143 32427
EXPRESS-AM1             
1 28463U 04043A   13241.36116410 -.00000228  00000-0  10000-3 0  6261
2 28463   2.7656  69.2999 0005396 111.9470 275.9495  0.99201671 32349
AMC-16                  
1 28472U 04048A   13241.07168389 -.00000226  00000-0  10000-3 0  7850
2 28472   0.0423 287.5596 0002550 232.4179 118.2720  1.00272825 31930
NSS-10 (AMC-12)         
1 28526U 05003A   13239.39835133 -.00000272  00000-0  10000-3 0  2353
2 28526   0.0297  45.3335 0002971 109.6493 286.7974  1.00271602 31429
XTAR-EUR                
1 28542U 05005A   13241.10217969  .00000132  00000-0  00000+0 0  2692
2 28542   0.0506 269.2294 0002400 251.5487 242.4691  1.00273838 31303
HIMAWARI-6 (MTSAT-1R)   
1 28622U 05006A   13239.69775703 -.00000301  00000-0  10000-3 0  9318
2 28622   0.0121 234.0352 0001280 137.9270 355.3539  1.00272373 31120
XM-3 (RHYTHM)           
1 28626U 05008A   13241.34064891 -.00000225  00000-0  10000-3 0  4431
2 28626   0.0109 256.5695 0000411  83.0225  35.6426  1.00272344 31193
INMARSAT 4-F1           
1 28628U 05009A   13240.65506088 -.00000276  00000-0  10000-3 0   191
2 28628   2.6138 352.0219 0003492 182.4574 181.8633  1.00271941 30805
EXPRESS-AM2             
1 28629U 05010A   13240.08065718 -.00000157  00000-0  00000+0 0  2916
2 28629   0.0460 300.2957 0000646 200.7481 304.4438  1.00272008 30822
APSTAR 6                
1 28638U 05012A   13240.89293236 -.00000338  00000-0  10000-3 0  6308
2 28638   0.0356  93.9996 0002434  84.7766 253.9065  1.00268741 55547
SPACEWAY 1              
1 28644U 05015A   13241.34016867 -.00000122  00000-0  10000-3 0  6998
2 28644   0.0046 249.0248 0000229 212.6428 255.5686  1.00272032 30639
DIRECTV 8               
1 28659U 05019A   13241.34937182 -.00000133  00000-0  00000+0 0  7684
2 28659   0.1584 357.6487 0022097 266.7697  97.9341  1.00272577 30314
GALAXY 28 (G-28)        
1 28702U 05022A   13240.42482900 -.00000206  00000-0  10000-3 0  5806
2 28702   0.0208 104.4724 0003808  63.8597 232.3889  1.00271281 30011
EXPRESS-AM3             
1 28707U 05023A   13240.47852670 -.00000301  00000-0  10000-3 0   825
2 28707   0.0869 284.5499 0002062 184.6075 179.8921  1.00270072 29974
THAICOM 4               
1 28786U 05028A   13238.99707874 -.00000384  00000-0  10000-3 0  2773
2 28786   0.0039  96.9151 0002374  53.2499 303.6438  1.00270084 29509
GALAXY 14 (G-14)        
1 28790U 05030A   13240.67809907  .00000016  00000-0  10000-3 0  5830
2 28790   0.0297 305.3769 0002865 225.2262 285.5485  1.00273586 29427
ANIK F1R                
1 28868U 05036A   13239.36489260 -.00000096  00000-0  00000+0 0  2956
2 28868   0.0303  63.5961 0001428  53.9785 242.2121  1.00272045 29255
GALAXY 15 (G-15)        
1 28884U 05041A   13241.02667042  .00000000  00000-0  10000-3 0  5921
2 28884   0.0292 255.1744 0001452 298.0109  20.8268  1.00271710 28739
SYRACUSE 3A             
1 28885U 05041B   13239.07371429  .00000107  00000-0  00000+0 0  4095
2 28885   0.0212 103.3828 0003474  53.6878 251.8996  1.00273259 28940
INMARSAT 4-F2           
1 28899U 05044A   13240.21035704  .00000120  00000-0  10000-3 0  8919
2 28899   2.2984 350.0135 0003182 175.6963 271.6917  1.00274437 28620
TELKOM 2                
1 28902U 05046A   13240.47799310 -.00000383  00000-0  10000-3 0  4125
2 28902   0.0147 181.1868 0001745  24.9917  60.7240  1.00268930 28522
SPACEWAY 2              
1 28903U 05046B   13241.33364343 -.00000146  00000-0  00000+0 0  5501
2 28903   0.0280 324.8928 0009202 112.5394 281.3487  1.00271907 28615
INSAT-4A                
1 28911U 05049A   13239.99883771 -.00000186  00000-0  10000-3 0  8651
2 28911   0.0551 261.9296 0004644 317.1726 199.8680  1.00272576 28207
METEOSAT-9 (MSG-2)      
1 28912U 05049B   13239.12864993  .00000041  00000-0  10000-3 0  6840
2 28912   0.3158 328.7395 0000321  47.0060  15.3351  1.00271808 28219
EUTELSAT 172A (GE-23)   
1 28924U 05052A   13240.32439384 -.00000026  00000-0  10000-3 0  4564
2 28924   0.0172 289.5303 0003070 222.9917 112.9561  1.00273130 28090
ECHOSTAR 10             
1 28935U 06003A   13240.37828487 -.00000076  00000-0  10000-3 0  6932
2 28935   0.0496 289.7631 0001648 253.8817 179.0643  1.00272716 27631
MTSAT-2                 
1 28937U 06004A   13239.86978788 -.00000263  00000-0  00000+0 0  4860
2 28937   0.0553  92.5978 0003398  51.9476 289.8357  1.00271979 27602
SPAINSAT                
1 28945U 06007A   13241.04745242 -.00000236  00000-0  00000+0 0  1364
2 28945   0.0393 250.2638 0005239 289.3769 144.8414  1.00270583 27375
EUTELSAT 9A             
1 28946U 06007B   13241.13492434  .00000042  00000-0  10000-3 0  2266
2 28946   0.0335  68.5349 0003791 110.5009 216.0461  1.00274437 27437
JCSAT-5A                
1 29045U 06010A   13239.21453507 -.00000350  00000-0  10000-3 0  2392
2 29045   0.0353 278.5280 0002628 259.8729   6.4658  1.00270872 27055
ASTRA 1KR               
1 29055U 06012A   13235.00000000  .00000091  00000-0  00000+0 0  5966
2 29055   0.0550 254.6670 0003528 295.3870 160.5840  1.00266015 26929
GOES 13                 
1 29155U 06018A   13238.44210161 -.00000271  00000-0  10000-3 0  7086
2 29155   0.0329 261.4325 0003376 207.5321 309.9959  1.00263061 26618
SATMEX 6                
1 29162U 06020A   13240.61505079 -.00000058  00000-0  00000+0 0  1873
2 29162   0.0622 304.4771 0001791 224.5275 276.3849  1.00272645 26591
THAICOM 5               
1 29163U 06020B   13239.89809904 -.00000142  00000-0  10000-3 0  4801
2 29163   0.0542 276.9792 0002719 277.7676 183.3116  1.00273552 26643
GALAXY 16 (G-16)        
1 29236U 06023A   13240.66749041  .00000000  00000-0  10000-3 0  5462
2 29236   0.0142 106.5218 0003585  54.6454 317.1374  1.00267144 26394
EUTELSAT HOT BIRD 13B   
1 29270U 06032A   13240.13883439  .00000066  00000-0  10000-3 0  1303
2 29270   0.1027 292.7888 0003079 279.8480 186.8278  1.00272849 25980
JCSAT-3A                
1 29272U 06033A   13240.47822941 -.00000365  00000-0  10000-3 0  2678
2 29272   0.0442 289.2523 0002422 249.0121  98.7373  1.00270340 25870
SYRACUSE 3B             
1 29273U 06033B   13241.21894894 -.00000063  00000-0  10000-3 0  2011
2 29273   0.0117 108.1851 0003595  51.5626 251.4410  1.00272238 25879
KOREASAT 5 (MUGUNGWHA 5)
1 29349U 06034A   13240.47787875 -.00000378  00000-0  10000-3 0  2832
2 29349   0.0222 100.2379 0001153  60.9222 100.7719  1.00271638 25750
ZHONGXING-22A           
1 29398U 06038A   13240.97086420  .00000000  00000-0  10000-3 0   359
2 29398   3.1890  67.9647 0006356  94.7171 265.6692  1.00268044 25561
DIRECTV 9S              
1 29494U 06043A   13240.37068019 -.00000134  00000-0  00000+0 0  4055
2 29494   0.0109 183.4887 0003260 327.6054 217.9927  1.00272512 25225
OPTUS D1                
1 29495U 06043B   13239.14014243 -.00000133  00000-0  10000-3 0  2770
2 29495   0.0369 273.8684 0003489 236.5721  35.5173  1.00271288 25243
XM-4 (BLUES)            
1 29520U 06049A   13239.37015662 -.00000044  00000-0  10000-3 0   944
2 29520   0.0180   9.7934 0000053  84.9801 259.0043  1.00271820 25101
BADR-4                  
1 29526U 06051A   13241.23487472  .00000125  00000-0  10000-3 0  3114
2 29526   0.0553 317.0231 0001956 246.8659 244.2791  1.00276034 25017
FENGYUN 2D              
1 29640U 06053A   13240.85344981 -.00000218  00000-0  10000-3 0  7519
2 29640   1.7547  71.7316 0001252  84.2594 215.0078  1.00266951 24676
WILDBLUE-1              
1 29643U 06054A   13241.33994760 -.00000069  00000-0  10000-3 0    26
2 29643   0.0242 258.1753 0001790 267.0992 183.6382  1.00272812 24669
AMC-18                  
1 29644U 06054B   13240.57990941 -.00000109  00000-0  10000-3 0  4028
2 29644   0.0392 299.7450 0002725 223.4374 277.5682  1.00272029 24677
MEASAT-3                
1 29648U 06056A   13241.13203205  .00000000  00000-0  10000-3 0   785
2 29648   0.0163 104.6878 0003670  50.9707 320.8505  1.00266857 23237
KIKU-8 (ETS-VIII)       
1 29656U 06059A   13240.88575718 -.00000258  00000-0  00000+0 0  2311
2 29656   2.9202  69.1224 0006296  79.4352 293.2950  1.00271750 24595
INSAT-4B                
1 30793U 07007A   13241.54182313 -.00000277  00000-0  10000-3 0  5496
2 30793   0.0483 264.1178 0005095 227.5380 134.7800  1.00272048 23703
SKYNET 5A               
1 30794U 07007B   13237.30878749  .00000016  00000-0  10000-3 0  1172
2 30794   0.0786 358.5060 0004238 165.9572 286.4315  1.00272338 23825
ANIK F3                 
1 31102U 07009A   13241.14139242 -.00000021  00000-0  10000-3 0  2609
2 31102   0.0197  96.4239 0002146  74.7329  98.5256  1.00273036 23455
ASTRA 1L                
1 31306U 07016A   13235.00000000  .00000091  00000-0  00000+0 0  5581
2 31306   0.0600 287.5910 0001350 292.9350 130.1070  1.00265729 23135
GALAXY 17 (G-17)        
1 31307U 07016B   13241.01127689 -.00000194  00000-0  00000+0 0  2181
2 31307   0.0103  83.9072 0001244 209.1308 317.3485  1.00271383 23194
EUTELSAT 3A             
1 31577U 07021A   13240.31044080  .00000000  00000-0  00000+0 0  7451
2 31577   0.0242 257.4958 0002677 276.9705 277.1843  1.00271786 22896
ZHONGXING-6B            
1 31800U 07031A   13240.47793212 -.00000382  00000-0  10000-3 0  7400
2 31800   0.0066 291.4946 0002244 220.5260 112.4340  1.00272918 22582
DIRECTV 10              
1 31862U 07032A   13241.51982816  .00000000  00000-0  10000-3 0  2147
2 31862   0.0176 337.3396 0000803 357.1444  87.6947  1.00267754 22523
SPACEWAY 3              
1 32018U 07036A   13241.34038973 -.00000171  00000-0  10000-3 0  1231
2 32018   0.0079  13.1530 0000169 348.0912   4.0406  1.00271660 22256
BSAT-3A                 
1 32019U 07036B   13240.90511148 -.00000370  00000-0  10000-3 0   514
2 32019   0.0655 247.9522 0004288 307.2734 217.7377  1.00272848 22181
INSAT-4CR               
1 32050U 07037A   13241.01999416 -.00000097  00000-0  10000-3 0  5208
2 32050   0.0400 256.1850 0002937 279.0515 243.3689  1.00273031 21974
OPTUS D2                
1 32252U 07044A   13240.40153124  .00000000  00000-0  10000-3 0  2446
2 32252   0.0107 356.1153 0003446 114.6191 162.5820  1.00266779 21531
INTELSAT 11 (IS-11)     
1 32253U 07044B   13241.34167801 -.00000288  00000-0  10000-3 0  9343
2 32253   0.0354 265.6110 0002816 262.9519 249.1364  1.00271736 21651
STAR ONE C1             
1 32293U 07056A   13240.42122235 -.00000297  00000-0  10000-3 0   419
2 32293   0.0472 285.6391 0002457 275.9286 221.8763  1.00272134 21276
SKYNET 5B               
1 32294U 07056B   13240.66299385  .00000119  00000-0  10000-3 0  1500
2 32294   0.0642 350.2029 0003708 149.4845 100.4329  1.00264782 21358
ASTRA 4A (SIRIUS 4)     
1 32299U 07057A   13239.14268438  .00000011  00000-0  10000-3 0  9826
2 32299   0.0454 288.4220 0002956 238.0272 225.2610  1.00273536 21190
RADUGA-1M 1             
1 32373U 07058A   13240.41069990  .00000071  00000-0  10000-3 0  6366
2 32373   0.2423  65.3814 0002496  27.4995 267.1466  0.99394841 21849
HORIZONS-2              
1 32388U 07063B   13241.08599921 -.00000202  00000-0  10000-3 0   567
2 32388   0.0291 280.6697 0002559 242.3571 290.2262  1.00272291 21001
THURAYA-3               
1 32404U 08001A   13240.84505333 -.00000317  00000-0  10000-3 0  1946
2 32404   4.6568 342.1428 0004791 180.5720 217.3356  1.00270998 20658
EXPRESS-AM33            
1 32478U 08003A   13241.47150081 -.00000300  00000-0  10000-3 0  5626
2 32478   0.0437 290.4870 0001768 299.9781  13.5891  1.00271461 20761
THOR 5                  
1 32487U 08006A   13239.19054050 -.00000031  00000-0  10000-3 0   686
2 32487   0.0428 257.8575 0002482 255.5332 250.0249  1.00272876 20298
KIZUNA (WINDS)          
1 32500U 08007A   13240.88418122 -.00000278  00000-0  10000-3 0  9643
2 32500   0.0766 270.6210 0002978 248.4962 279.4380  1.00272016 20240
AMC-14                  
1 32708U 08011A   13239.71241940  .00000127  00000-0  10000-3 0  1824
2 32708  16.3996  86.1136 0052177   5.3112 170.6602  1.00275757 21273
DIRECTV 11              
1 32729U 08013A   13240.16117293 -.00000146  00000-0  00000+0 0  1651
2 32729   0.0112 353.3194 0000440  45.2117 256.7901  1.00271402 20048
ICO G1                  
1 32763U 08016A   13238.35316264 -.00000190  00000-0  10000-3 0  1158
2 32763   4.4338 341.2855 0004114 189.5886 198.1584  1.00272324 19690
VINASAT-1               
1 32767U 08018A   13240.47832851 -.00000349  00000-0  10000-3 0   138
2 32767   0.0433 293.6500 0002464 231.4078 115.9277  1.00271112 19729
STAR ONE C2             
1 32768U 08018B   13240.42256178 -.00000285  00000-0  10000-3 0    90
2 32768   0.0159  98.2725 0002541  82.0783 238.5693  1.00273068 19762
TIANLIAN I (CTDRS-1)    
1 32779U 08019A   13240.08065718 -.00000158  00000-0  00000+0 0  5441
2 32779   0.0566 273.3255 0031123   8.2901 163.9617  1.00274743 19588
AMOS-3                  
1 32794U 08022A   13241.21894894 -.00000054  00000-0  00000+0 0  8643
2 32794   0.0112 196.4165 0002378  16.7598 199.2370  1.00273392 19579
GALAXY 18 (G-18)        
1 32951U 08024A   13240.61364530  .00000005  00000-0  10000-3 0  8934
2 32951   0.0203 166.3285 0003294 349.2755 279.2803  1.00273183 19333
CHINASAT 9 (ZX 9)       
1 33051U 08028A   13241.01418142 -.00000267  00000-0  10000-3 0  5303
2 33051   0.0136 116.4012 0005408  40.7045 277.5612  1.00270489 19153
SKYNET 5C               
1 33055U 08030A   13241.36652462 -.00000159  00000-0  10000-3 0  8429
2 33055   0.0677 346.2450 0005025 180.9156 284.7108  1.00272056 19153
TURKSAT 3A              
1 33056U 08030B   13240.21303376  .00000126  00000-0  10000-3 0  9211
2 33056   0.0388 142.2677 0005432   6.2685 306.7131  1.00271765 19198
COSMOS 2440             
1 33108U 08033A   13241.01501731  .00000000  00000-0  10000-3 0  1758
2 33108   2.1342  58.0556 0004006  70.0844 290.4414  1.00280949 18939
INTELSAT 25 (IS-25)     
1 33153U 08034A   13238.26201784 -.00000247  00000-0  10000-3 0  9186
2 33153   0.0212 288.6102 0003107 219.9485 248.9117  1.00271066 18844
BADR-6                  
1 33154U 08034B   13241.08576438  .00000125  00000-0  10000-3 0    31
2 33154   0.0659  26.2757 0003125  93.2624 274.7546  1.00273923 18892
ECHOSTAR 11             
1 33207U 08035A   13240.37418718 -.00000077  00000-0  10000-3 0  1474
2 33207   0.0545 272.6329 0002993 252.9709 195.8576  1.00273040 18770
SUPERBIRD-C2            
1 33274U 08038A   13240.48979904 -.00000271  00000-0  10000-3 0  1120
2 33274   0.0380 288.3618 0001288 290.2480  78.5343  1.00272155 18497
AMC-21                  
1 33275U 08038B   13240.67809907  .00000016  00000-0  10000-3 0   537
2 33275   0.0416 297.0564 0002153 225.3119 293.8789  1.00273420 18598
INMARSAT 4-F3           
1 33278U 08039A   13241.56151227 -.00000156  00000-0  10000-3 0  3466
2 33278   3.0080 347.5557 0003004 183.4368 271.4238  1.00272351 18458
NIMIQ 4                 
1 33373U 08044A   13239.53522993 -.00000242  00000-0  10000-3 0  8454
2 33373   0.0120 107.3239 0002337  47.2642 292.0057  1.00271461 18128
GALAXY 19 (G-19)        
1 33376U 08045A   13240.64864323  .00000000  00000-0  10000-3 0  9674
2 33376   0.0382 106.5874 0006067 112.4209 254.4366  1.00266334 18088
VENESAT-1               
1 33414U 08055A   13240.30331236 -.00000258  00000-0  10000-3 0  3156
2 33414   0.0167 262.2301 0001555 257.1521 208.4450  1.00269740 17781
ASTRA 1M                
1 33436U 08057A   13235.00000000  .00000090  00000-0  00000+0 0  1263
2 33436   0.0220 199.1820 0004331 320.0040 191.4520  1.00263784 17590
CIEL-2                  
1 33453U 08063A   13240.44121317  .00000038  00000-0  10000-3 0  8981
2 33453   0.0309 282.4950 0003266 248.6280 195.6561  1.00272811 17293
EUTELSAT HOT BIRD 13C   
1 33459U 08065A   13239.14287494  .00000065  00000-0  10000-3 0  8792
2 33459   0.0531 289.4487 0005602 198.6327 271.8663  1.00273240 17354
EUTELSAT 28B            
1 33460U 08065B   13239.71269990  .00000129  00000-0  10000-3 0  7866
2 33460   0.0468 289.3650 0002596  73.8540 257.9089  1.00272350 17219
FENGYUN 2E              
1 33463U 08066A   13240.88201649 -.00000349  00000-0  10000-3 0  2799
2 33463   1.3934  50.6757 0002375 185.9407 162.4909  1.00266267 17214
EXPRESS-AM44            
1 33595U 09007A   13241.36116410 -.00000108  00000-0  10000-3 0  2597
2 33595   0.0124 269.7987 0000852 352.9688 193.9657  1.00272011 16694
EXPRESS-MD1             
1 33596U 09007B   13241.15065463  .00000070  00000-0  00000+0 0  2947
2 33596   0.1101  79.6162 0004107 235.9360 131.5637  0.99109295 16728
NSS-9                   
1 33749U 09008A   13240.29004559  .00000051  00000-0  00000+0 0  9183
2 33749   0.0405 298.2867 0002353 227.4186  98.3575  1.00273796 16674
EUTELSAT HOT BIRD 13D   
1 33750U 09008B   13241.13501581  .00000067  00000-0  10000-3 0   369
2 33750   0.0840 294.6246 0002013 213.6792 250.7750  1.00272570 16727
TELSTAR 11N             
1 34111U 09009A   13239.16587229 -.00000273  00000-0  10000-3 0  8701
2 34111   0.0028 137.3220 0001852 339.0758 241.2993  1.00271304 16512
RADUGA-1 8              
1 34264U 09010A   13240.70792553  .00000058  00000-0  10000-3 0  2740
2 34264   2.9253  87.3095 0000387  67.8125  88.3646  1.00269980 16468
EUTELSAT 10A            
1 34710U 09016A   13241.13494721  .00000049  00000-0  10000-3 0  9473
2 34710   0.0685 354.4756 0004515 163.4464 238.1686  1.00275301 16193
BEIDOU G2               
1 34779U 09018A   13237.98615753 -.00000338  00000-0  10000-3 0  9087
2 34779   2.7071  68.1979 0055817 172.2112 188.2593  1.00364592 16183
SES-7 (PROTOSTAR 2)     
1 34941U 09027A   13239.48195331 -.00000366  00000-0  10000-3 0  9474
2 34941   0.0206 323.4129 0002425 241.4037  52.6947  1.00269969 15730
MEASAT-3A               
1 35362U 09032A   13240.52976635 -.00000262  00000-0  10000-3 0  6268
2 35362   0.0450 278.8968 0002224 302.6110  37.6165  1.00272258 15350
GOES 14                 
1 35491U 09033A   13241.50663137 -.00000106  00000-0  10000-3 0   969
2 35491   0.4405 262.3728 0008899 288.1318 224.4334  1.00271654 15310
SIRIUS FM-5             
1 35493U 09034A   13241.34035924 -.00000165  00000-0  10000-3 0  7648
2 35493   0.0028 140.1848 0001817 229.6574 354.3845  1.00272020 15297
TERRESTAR-1             
1 35496U 09035A   13240.37873728 -.00000073  00000-0  10000-3 0  9534
2 35496   4.1495 326.7363 0003828 196.9539 198.3896  1.00272990 15285
ASIASAT 5               
1 35696U 09042A   13240.89136297 -.00000327  00000-0  10000-3 0  1280
2 35696   0.0222 228.4710 0001423 240.8442 289.3243  1.00273691 14831
JCSAT-RA (JCSAT-12)     
1 35755U 09044A   13239.24850328 -.00000367  00000-0  10000-3 0  7485
2 35755   0.0526  34.3557 0001756 133.9019  24.7565  1.00270721 14769
OPTUS D3                
1 35756U 09044B   13238.62516870 -.00000169  00000-0  10000-3 0  8131
2 35756   0.0593 314.7241 0002746 189.0818 212.2803  1.00272916 14732
PALAPA D                
1 35812U 09046A   13239.76526493 -.00000379  00000-0  10000-3 0  7776
2 35812   0.0115  92.5913 0002075  93.0638 178.9373  1.00271860 14794
NIMIQ 5                 
1 35873U 09050A   13240.48240470 -.00000277  00000-0  10000-3 0  7785
2 35873   0.0445 275.8986 0002611 243.6979 278.2152  1.00271762 14486
AMAZONAS 2              
1 35942U 09054A   13241.11179418 -.00000302  00000-0  10000-3 0  7767
2 35942   0.0270 159.0613 0005343 354.1212 163.5147  1.00270267 14335
COMSATBW-1              
1 35943U 09054B   13240.57104498  .00000004  00000-0  10000-3 0  7637
2 35943   0.0204  90.8094 0002489  80.5104  74.2167  1.00274630 14378
NSS-12                  
1 36032U 09058A   13240.65922451  .00000051  00000-0  10000-3 0  7314
2 36032   0.0551 281.4897 0002902 228.2218 121.6297  1.00273504 14065
THOR 6                  
1 36033U 09058B   13240.20235556 -.00000030  00000-0  10000-3 0  8149
2 36033   0.0297 237.0240 0001849 276.8087 254.7393  1.00272133 14088
INTELSAT 14 (IS-14)     
1 36097U 09064A   13240.34595850 -.00000294  00000-0  00000+0 0  6311
2 36097   0.0177  71.4356 0002097 107.7603 237.0527  1.00271037 13821
EUTELSAT 36B            
1 36101U 09065A   13239.11859112  .00000134  00000-0  10000-3 0  8134
2 36101   0.0699   0.5333 0003921 155.6610 257.9204  1.00275429 13913
INTELSAT 15 (IS-15)     
1 36106U 09067A   13238.82555331 -.00000207  00000-0  10000-3 0  8361
2 36106   0.0084  93.1258 0002415  59.0239 205.4139  1.00272219 13695
DIRECTV 12              
1 36131U 09075A   13241.61208552  .00000000  00000-0  10000-3 0  9977
2 36131   0.0163  57.8972 0000988 192.0599 205.5792  1.00268811 13511
BEIDOU G1               
1 36287U 10001A   13239.69775703 -.00000305  00000-0  10000-3 0   387
2 36287   1.6843   9.4795 0004136 176.7400 181.0478  1.00269248 13288
RADUGA-1M 2             
1 36358U 10002A   13241.08599921 -.00000203  00000-0  10000-3 0   241
2 36358   0.0372 286.7858 0001766 252.4318 274.1852  1.00270935 13132
SDO                     
1 36395U 10005A   13241.43627818 -.00000080  00000-0  00000+0 0  8067
2 36395  27.8577 165.8987 0001146 282.0030 304.6994  1.00268763 13175
INTELSAT 16 (IS-16)     
1 36397U 10006A   13241.35692097 -.00000304  00000-0  10000-3 0  7403
2 36397   0.0230   8.3805 0002708 153.5641 246.1594  1.00271574 12978
GOES 15                 
1 36411U 10008A   13240.01385384  .00000070  00000-0  00000+0 0  7125
2 36411   0.4497 263.5507 0004003 248.0863  54.4435  1.00258183 12799
ECHOSTAR 14             
1 36499U 10010A   13241.12023264 -.00000020  00000-0  00000+0 0  9738
2 36499   0.0015 322.8852 0002779 195.2262 103.7491  1.00272583 12658
SES-1                   
1 36516U 10016A   13240.37075664 -.00000135  00000-0  00000+0 0  8018
2 36516   0.0379 285.4852 0002287 222.0280 221.7108  1.00271890 12250
ASTRA 3B                
1 36581U 10021A   13235.00000000  .00000108  00000-0  00000+0 0  6941
2 36581   0.0560  61.9560 0004360  80.2290 212.7350  1.00265137 12038
COMSATBW-2              
1 36582U 10021B   13240.13883439  .00000068  00000-0  10000-3 0  7465
2 36582   0.0577  70.8202 0002193 104.8811 223.9767  1.00273287 12102
BEIDOU G3               
1 36590U 10024A   13240.89395109 -.00000374  00000-0  10000-3 0  8824
2 36590   1.5393  28.9228 0002240 311.8470  68.8612  1.00270473 11905
BADR-5                  
1 36592U 10025A   13241.08576438  .00000125  00000-0  10000-3 0  5601
2 36592   0.0097 164.1148 0005030   1.0014 229.1769  1.00271749 12046
COMS 1                  
1 36744U 10032A   13240.47823704 -.00000364  00000-0  10000-3 0  6383
2 36744   0.0259  80.4337 0000647  46.2873 150.4941  1.00271302 11769
ARABSAT-5A              
1 36745U 10032B   13240.66109339  .00000133  00000-0  00000+0 0  6104
2 36745   0.0567 348.8832 0003632 163.9855  92.6409  1.00274674 11791
ECHOSTAR 15             
1 36792U 10034A   13238.45615236 -.00000297  00000-0  10000-3 0  6972
2 36792   0.0485 286.3041 0002575 237.9022 289.7384  1.00269495 11496
BEIDOU IGSO 1           
1 36828U 10036A   13240.88161572 -.00000122  00000-0  10000-3 0  8028
2 36828  54.5266 207.3121 0030783 184.2800  23.0120  1.00257908 11335
NILESAT 201             
1 36830U 10037A   13241.27736419 -.00000077  00000-0  10000-3 0  6346
2 36830   0.0459 192.0703 0006443 335.2166 263.2047  1.00273212 11414
RASCOM-QAF 1R           
1 36831U 10037B   13239.14263863 -.00000003  00000-0  00000+0 0  5981
2 36831   0.0232 103.2198 0004227  43.0233 243.5519  1.00273898 11395
CHINASAT 6A (ZX 6A)     
1 37150U 10042A   13240.38625529 -.00000374  00000-0  10000-3 0  8407
2 37150   0.0351 234.8358 0001025 156.8786 209.0668  1.00269033 11040
XM-5                    
1 37185U 10053A   13240.34497513 -.00000225  00000-0  10000-3 0  7249
2 37185   0.0120 213.2759 0001039 194.3639 328.0578  1.00272034 10571
BSAT-3B                 
1 37207U 10056B   13241.01605977 -.00000370  00000-0  10000-3 0  7147
2 37207   0.0841 299.1224 0001459 311.9535 201.9349  1.00271419 10418
BEIDOU G4               
1 37210U 10057A   13240.64137707 -.00000131  00000-0  10000-3 0  7539
2 37210   0.7013  31.4281 0006324 144.0530 192.4368  1.00272315 10428
SKYTERRA 1              
1 37218U 10061A   13241.23898932  .00000000  00000-0  10000-3 0  7424
2 37218   4.8694 322.1982 0010736 180.0020 180.0880  1.00267654 10354
ZHONGXING-20A           
1 37234U 10064A   13240.47828277 -.00000358  00000-0  10000-3 0  7567
2 37234   0.0855 267.9469 0002201 279.6173  91.4537  1.00266879 10168
HYLAS 1                 
1 37237U 10065A   13241.34976493 -.00000253  00000-0  10000-3 0  6206
2 37237   0.0345 334.5702 0001877 172.4511 283.1043  1.00273927 10131
INTELSAT 17 (IS-17)     
1 37238U 10065B   13239.05164324 -.00000024  00000-0  00000+0 0  5541
2 37238   0.0065 116.2118 0003318  42.2244 261.5898  1.00272945 10133
BEIDOU IGSO 2           
1 37256U 10068A   13240.82656850 -.00000247  00000-0  10000-3 0  7129
2 37256  54.6025 327.2825 0021935 190.3244 237.9072  1.00276587  9925
EUTELSAT KA-SAT 9A      
1 37258U 10069A   13241.13492434  .00000042  00000-0  10000-3 0  6775
2 37258   0.0549 291.2539 0004034 164.0138 299.8274  1.00274127  9947
HISPASAT 1E             
1 37264U 10070A   13240.86717694 -.00000236  00000-0  00000+0 0  6301
2 37264   0.0204 154.8985 0005667   5.1447  99.3721  1.00272546  9787
KOREASAT 6              
1 37265U 10070B   13240.47794736 -.00000382  00000-0  00000+0 0  6077
2 37265   0.0075  52.9814 0000251 304.7222 267.2280  1.00270908  9805
ELEKTRO-L 1 (GOMS 2)    
1 37344U 11001A   13240.50174752 -.00000117  00000-0  00000+0 0  6957
2 37344   0.0715 124.8277 0003499  42.6958  66.0155  1.00271198  9580
BEIDOU IGSO 3           
1 37384U 11013A   13240.88120825 -.00000158  00000-0  10000-3 0  6261
2 37384  56.1965  87.5164 0024136 177.2330 150.2486  1.00283147  8795
INTELSAT NEW DAWN       
1 37392U 11016A   13239.02148126  .00000134  00000-0  10000-3 0  4981
2 37392   0.0056 223.2783 0000517 296.6357 216.0411  1.00275798  8647
YAHSAT 1A               
1 37393U 11016B   13240.13755801  .00000080  00000-0  10000-3 0  6432
2 37393   0.0040 201.4087 0002231 320.0635 277.0565  1.00273871  8694
TELSTAR 14R             
1 37602U 11021A   13238.45949501 -.00000303  00000-0  10000-3 0  4498
2 37602   0.0448 283.3557 0002611 228.0751 285.8402  1.00272134  8988
GSAT-8                  
1 37605U 11022A   13241.08501154  .00000065  00000-0  10000-3 0  5319
2 37605   0.0374 281.2767 0004600 326.5025 175.3429  1.00274743  8370
ST-2                    
1 37606U 11022B   13240.85379080 -.00000232  00000-0  10000-3 0  5200
2 37606   0.0120  46.5801 0001707 104.8301 221.1965  1.00273029  8382
CHINASAT 10 (ZX 10)     
1 37677U 11026A   13241.01605977 -.00000372  00000-0  10000-3 0  6260
2 37677   0.0575 288.6926 0004645 250.5569 274.4255  1.00272990  8110
TIANLIAN 1-02           
1 37737U 11032A   13240.57390745 -.00000034  00000-0  00000+0 0  6011
2 37737   0.0618 270.4188 0001385 155.3847 288.7407  1.00274055  7832
GSAT-12                 
1 37746U 11034A   13239.99883771 -.00000185  00000-0  10000-3 0  4855
2 37746   0.0160 208.3364 0005985 251.4487 319.1531  1.00271314  8088
SES-3                   
1 37748U 11035A   13241.53044646  .00000000  00000-0  10000-3 0  5497
2 37748   0.0220  15.2149 0002027 151.7592 258.7522  1.00267844  7817
KAZSAT-2                
1 37749U 11035B   13241.15691603  .00000000  00000-0  10000-3 0  4542
2 37749   0.0246 115.7653 0000638  73.5285 291.1515  1.00265132  7875
BEIDOU IGSO 4           
1 37763U 11038A   13240.88395730 -.00000058  00000-0  10000-3 0  4759
2 37763  54.8429 209.4580 0023600 194.1737 346.3506  1.00261089  7765
ASTRA 1N                
1 37775U 11041A   13235.00000000  .00000121  00000-0  00000+0 0  4156
2 37775   0.0360  37.6500 0002890  48.8140 273.1510  1.00266591  7528
BSAT-3C (JCSAT-110R)    
1 37776U 11041B   13240.89395109 -.00000370  00000-0  10000-3 0  5037
2 37776   0.0419 285.5125 0000072  71.7742  51.7664  1.00270833  7674
PAKSAT-1R               
1 37779U 11042A   13238.12652708  .00000130  00000-0  10000-3 0  4116
2 37779   0.0253 299.1885 0003262 193.4677 285.3930  1.00272124  7564
CHINASAT 1A (ZX 1A)     
1 37804U 11047A   13240.47827515 -.00000358  00000-0  10000-3 0  5407
2 37804   0.0370 286.6200 0000983 269.5876  82.6638  1.00272421  7213
COSMOS 2473             
1 37806U 11048A   13239.58097729 -.00000156  00000-0  00000+0 0  5171
2 37806   0.0397 100.2796 0001729 135.7741  28.9858  1.00272273  7176
SES-2                   
1 37809U 11049A   13241.01862464  .00000000  00000-0  10000-3 0  3880
2 37809   0.0320 284.1837 0003038 228.3063 104.5853  1.00267852  7144
ARABSAT-5C              
1 37810U 11049B   13238.70211642  .00000101  00000-0  10000-3 0  3736
2 37810   0.0677 342.5744 0005740 176.2049  89.0478  1.00271748  7143
EUTELSAT 7 WEST A       
1 37816U 11051A   13240.33931784 -.00000080  00000-0  10000-3 0  5237
2 37816   0.0673 349.5922 0005396 174.6365 287.3351  1.00273242  7087
QUETZSAT 1              
1 37826U 11054A   13240.34518095 -.00000262  00000-0  10000-3 0  4532
2 37826   0.0517 284.4984 0002357 224.7519 234.7230  1.00270714  7210
INTELSAT 18 (IS-18)     
1 37834U 11056A   13241.27161475  .00000033  00000-0  00000+0 0  4127
2 37834   0.0356 300.9596 0003426 194.9861 119.4534  1.00271883  7088
EUTELSAT 16A            
1 37836U 11057A   13241.28525470  .00000084  00000-0  10000-3 0  4075
2 37836   0.0651 348.0693 0004267 174.4306 293.8031  1.00272784  6955
VIASAT-1                
1 37843U 11059A   13240.34416709 -.00000044  00000-0  10000-3 0  3228
2 37843   0.0044 153.1816 0002873  10.5462 181.7749  1.00272933  7380
ASIASAT 7               
1 37933U 11069A   13239.83358260 -.00000143  00000-0  00000+0 0  4752
2 37933   0.0252 262.3664 0000549 309.5931 142.9323  1.00272907  6573
BEIDOU IGSO 5           
1 37948U 11073A   13240.53015610 -.00000189  00000-0  10000-3 0  4644
2 37948  54.7133 326.7071 0025691 191.8075 103.9615  1.00285791  6516
AMOS-5                  
1 37950U 11074A   13241.21835655  .00000090  00000-0  10000-3 0  3293
2 37950   0.0327 284.3357 0000549 157.4376 351.4197  1.00273574  6466
LUCH 5A                 
1 37951U 11074B   13241.31148829  .00000000  00000-0  10000-3 0  4343
2 37951   3.5465 257.1199 0006427 286.6139  73.1093  1.00269880  6304
NIGCOMSAT 1R            
1 38014U 11077A   13240.21303376  .00000124  00000-0  00000+0 0  3649
2 38014   0.0107  75.9471 0002375  47.9553 331.8500  1.00274145  6278
FENGYUN 2F              
1 38049U 12002A   13240.88219972 -.00000375  00000-0  10000-3 0  4394
2 38049   1.1322 278.5101 0002949 282.8453 205.2888  1.00263959  6010
SES-4                   
1 38087U 12007A   13240.86556623 -.00000188  00000-0  10000-3 0  3375
2 38087   0.0149 341.8510 0002693 180.5691 104.4032  1.00271603  5687
BEIDOU G5               
1 38091U 12008A   13240.66528639  .00000038  00000-0  00000+0 0  4262
2 38091   1.0671 325.8020 0002434 182.1081 127.3206  1.00269844  5596
INTELSAT 22 (IS-22)     
1 38098U 12011A   13241.11168553  .00000000  00000-0  10000-3 0  2980
2 38098   0.0320  68.6380 0003623 118.2096 262.9501  1.00269165  5276
COSMOS 2479             
1 38101U 12012A   13240.47920515 -.00000080  00000-0  10000-3 0  3887
2 38101   1.2532 292.1900 0003339 190.2505 192.6750  1.00271890  5183
APSTAR 7                
1 38107U 12013A   13241.11022169  .00000000  00000-0  10000-3 0  3784
2 38107   0.0455  80.3090 0002524  83.4739 289.8619  1.00268124  5295
YAHSAT 1B               
1 38245U 12016A   13241.09178112  .00000106  00000-0  10000-3 0  3155
2 38245   0.0018 196.6610 0002150 312.4129 269.0315  1.00274734  5045
JCSAT-13                
1 38331U 12023A   13240.47813794 -.00000377  00000-0  10000-3 0  2578
2 38331   0.0186  78.4008 0001924  75.8232 118.7379  1.00270287  4754
VINASAT-2               
1 38332U 12023B   13240.47832851 -.00000349  00000-0  10000-3 0  2742
2 38332   0.0390 284.7025 0002080 254.6920 101.4930  1.00271802  4743
NIMIQ 6                 
1 38342U 12026A   13241.32556626 -.00000193  00000-0  00000+0 0  3174
2 38342   0.0377 261.4889 0002359  19.7168  82.4880  1.00272341  4721
CHINASAT 2A (ZX 2A)     
1 38352U 12028A   13239.48172463 -.00000314  00000-0  10000-3 0  3387
2 38352   0.0326 281.6204 0001555  21.2649 304.6378  1.00270482  4747
INTELSAT 19 (IS-19)     
1 38356U 12030A   13240.47921277 -.00000077  00000-0  10000-3 0  3050
2 38356   0.0101 294.9191 0002757 223.9140 156.5342  1.00272630  4658
ECHOSTAR 17             
1 38551U 12035A   13238.59108894 -.00000098  00000-0  00000+0 0  2455
2 38551   0.0154 177.3213 0001749 216.2253  47.1234  1.00273064  4222
METEOSAT-10 (MSG-3)     
1 38552U 12035B   13241.13469565 -.00000026  00000-0  00000+0 0  4717
2 38552   0.9597 239.0487 0001354 292.6735 213.7913  1.00276189  4357
SES-5                   
1 38652U 12036A   13240.20819609  .00000013  00000-0  10000-3 0  2655
2 38652   0.0689 270.5542 0002394 248.3754 257.5800  1.00273357  4183
TIANLIAN 1-03           
1 38730U 12040A   13241.28525470  .00000088  00000-0  10000-3 0  3008
2 38730   1.2317 271.2954 0003983 287.9598 257.8727  1.00269834  4115
INTELSAT 20 (IS-20)     
1 38740U 12043A   13241.08870188 -.00000045  00000-0  10000-3 0  2912
2 38740   0.0105  88.9176 0002348 262.6036  86.3815  1.00272998  3957
HYLAS 2                 
1 38741U 12043B   13240.14932639  .00000134  00000-0  00000+0 0  2271
2 38741   0.0108 114.1973 0001983  34.9575 272.1363  1.00274502  3967
INTELSAT 21 (IS-21)     
1 38749U 12045A   13240.06678078 -.00000306  00000-0  10000-3 0  2396
2 38749   0.0378 298.4908 0002677 197.9627 166.0479  1.00272291  3802
ASTRA 2F                
1 38778U 12051A   13235.00000000  .00000121  00000-0  00000+0 0  1698
2 38778   0.0760 238.7890 0003298 320.4660 160.4140  1.00269976  3344
GSAT-10                 
1 38779U 12051B   13239.99883771 -.00000186  00000-0  10000-3 0  2109
2 38779   0.0429 262.5909 0001170 216.8650 299.5161  1.00271537  3407
INTELSAT 23 (IS-23)     
1 38867U 12057A   13241.06271387 -.00000305  00000-0  10000-3 0  1896
2 38867   0.0215 330.2058 0001866 196.3561 140.4296  1.00270879  3233
BEIDOU G6               
1 38953U 12059A   13240.96412896 -.00000156  00000-0  10000-3 0  2226
2 38953   1.2061 276.8009 0002190 223.6842 263.9213  1.00271963  3188
LUCH 5B                 
1 38977U 12061A   13240.86630863 -.00000145  00000-0  00000+0 0  2324
2 38977   0.7011  97.4788 0005590  53.3009 122.3855  1.00273902  3291
YAMAL 300K              
1 38978U 12061B   13241.33863911  .00000000  00000-0  10000-3 0  1817
2 38978   0.0188 257.3776 0000936  38.5588 253.7255  1.00268221  2346
STAR ONE C3             
1 38991U 12062A   13240.34523431 -.00000269  00000-0  10000-3 0  2058
2 38991   0.0430  94.1552 0002464  83.3401 208.4877  1.00270123  2970
EUTELSAT 21B            
1 38992U 12062B   13240.28123361  .00000109  00000-0  10000-3 0  2085
2 38992   0.0614 345.7685 0002131 179.8279 293.8703  1.00271849  2985
ECHOSTAR 16             
1 39008U 12065A   13240.48257981 -.00000302  00000-0  10000-3 0  1642
2 39008   0.0066 132.3830 0002881  17.0584 299.6384  1.00272357  2929
CHINASAT 12 (ZX 12)     
1 39017U 12067A   13240.85379080 -.00000227  00000-0  00000+0 0  2046
2 39017   0.0618 267.3199 0003024 312.7501 152.0152  1.00272983  2833
EUTELSAT 70B            
1 39020U 12069A   13240.91523920 -.00000063  00000-0  00000+0 0  4009
2 39020   0.0187 312.5599 0004172 221.8165 202.8640  1.00272380  2732
YAMAL 402               
1 39022U 12070A   13240.07758583  .00000065  00000-0  10000-3 0  2021
2 39022   0.0118 179.3985 0002647 302.7631 297.1260  1.00275008  2711
SKYNET 5D               
1 39034U 12075A   13241.08621174  .00000080  00000-0  10000-3 0  1831
2 39034   0.0478 334.2339 0003671 188.0247 258.9516  1.00271187  2649
MEXSAT 3                
1 39035U 12075B   13240.61284238 -.00000032  00000-0  10000-3 0  1968
2 39035   0.0501 297.4590 0002606 184.5296 318.9020  1.00260095  2595
TDRS 11                 
1 39070U 13004A   13240.74508461  .00000108  00000-0  10000-3 0  2123
2 39070   6.8526 331.3669 0010673 227.5936 256.4254  1.00275283  2154
AMAZONAS 3              
1 39078U 13006A   13241.36704229 -.00000302  00000-0  00000+0 0  1718
2 39078   0.0478 242.1327 0004431 306.9109 219.8258  1.00272449  2094
AZERSPACE 1             
1 39079U 13006B   13241.09806773  .00000113  00000-0  10000-3 0  1462
2 39079   0.0298 269.2807 0001591 281.7569 227.7040  1.00272049  2084
SATMEX 8                
1 39122U 13012A   13239.60751955 -.00000034  00000-0  10000-3 0   937
2 39122   0.0083 224.9586 0001822 307.8404 265.0872  1.00272894  1582
ANIK G1                 
1 39127U 13014A   13241.40693571 -.00000094  00000-0  00000+0 0   957
2 39127   0.0299 262.3957 0001911 268.2112 206.3538  1.00272424  1394
CHINASAT 11 (ZX 11)     
1 39157U 13020A   13241.38107648  .00000000  00000-0  10000-3 0   882
2 39157   0.4256 267.5119 0001552 303.6391  54.6929  1.00027938  1278
EUTELSAT 3D             
1 39163U 13022A   13240.30167243 -.00000000  00000-0  00000+0 0   829
2 39163   0.0453 341.1590 0002362 197.8897 269.3209  1.00274035  1117
SES-6                   
1 39172U 13026A   13240.34605759 -.00000282  00000-0  00000+0 0   637
2 39172   0.0604 296.0832 0001655 263.0630 221.6419  1.00271456   866
IRNSS-1A                
1 39199U 13034A   13240.13145032  .00000088  00000-0  10000-3 0   363
2 39199  27.0586 140.1274 0019230 182.8373 115.8814  1.00269935   774
ALPHASAT                
1 39215U 13038A   13241.28389618  .00000035  00000-0  00000+0 0   371
2 39215   0.0242 104.1484 0001430 124.3318 219.2658  1.00271943   394
INSAT 3D                
1 39216U 13038B   13239.99883771 -.00000177  00000-0  00000+0 0   385
2 39216   0.2111 244.5691 0001334 272.5546 260.9194  1.00273109   410
