STARLETTE               
1 07646U 75010A   13241.17530396 -.00000167  00000-0 -17201-4 0  3323
2 07646  49.8224 196.6741 0205741  99.8381 346.0017 13.82285861947864
LAGEOS 1                
1 08820U 76039A   13240.15737924  .00000011  00000-0  00000+0 0  5077
2 08820 109.8579  17.5402 0044840 223.8711 256.3142  6.38664944614938
AJISAI (EGS)            
1 16908U 86061A   13241.16612101 -.00000073  00000-0  17094-3 0  2037
2 16908  50.0081 122.4599 0011328 160.4752  18.7791 12.44473423898600
LAGEOS 2                
1 22195U 92070B   13239.41625056 -.00000009  00000-0  00000+0 0  7362
2 22195  52.6773 342.4602 0137364 302.7176  98.8210  6.47293772492855
STELLA                  
1 22824U 93061B   13240.54077894 -.00000035  00000-0  35158-5 0  5454
2 22824  98.6431 178.9252 0007482 129.1175 325.3813 14.27321238 37910
WESTPAC                 
1 25398U 98043E   13240.02487397  .00000002  00000-0  19412-4 0  7835
2 25398  98.4325 203.2302 0002384  80.4164 344.2985 14.22737683785965
GRACE-1                 
1 27391U 02012A   13240.84339448  .00005240  00000-0  11402-3 0  4706
2 27391  89.0241 156.9389 0010443 221.8506 209.5106 15.44030740640938
GRACE-2                 
1 27392U 02012B   13240.83599447  .00005292  00000-0  11514-3 0  4704
2 27392  89.0242 156.9699 0011158 224.8435 167.1392 15.44028234640933
GOCE                    
1 34602U 09013A   13241.15063946  .00001215  19259-5  11998-5 0  8715
2 34602  96.5613 270.1723 0006686 182.5666 254.8379 16.17134368261028
LARES                   
1 38077U 12006A   13241.35203703 -.00000022  00000-0  10000-3 0  5476
2 38077  69.4930 357.2943 0007692 148.0189 212.1298 12.54929971 70647
