COSMOS 2413 (712)       
1 28509U 04053B   13240.77441267  .00000063  00000-0  10000-3 0  4183
2 28509  63.2166 226.6072 0005826 190.3872 333.0500  2.13100592 67499
COSMOS 2419 (714)       
1 28915U 05050A   13241.30414000 -.00000018  00000-0  00000+0 0  1775
2 28915  64.9713 112.6792 0015876 350.5284 202.8324  2.13106095 59753
COSMOS 2425 (716)       
1 29670U 06062A   13240.67929973 -.00000079  00000-0  10000-3 0  8822
2 29670  65.8969 351.4513 0019772 349.3428 159.9419  2.13105077 51943
COSMOS 2426 (717)       
1 29671U 06062B   13240.65490149 -.00000079  00000-0  10000-3 0  8986
2 29671  65.9134 351.5125 0019124 163.5180 195.3496  2.13103010 51945
COSMOS 2424 (715)       
1 29672U 06062C   13240.73974538 -.00000080  00000-0  10000-3 0  9023
2 29672  65.8986 351.4571 0018566 162.2271  81.0090  2.13102315 51948
COSMOS 2433 (720)       
1 32275U 07052A   13240.44914576 -.00000023  00000-0  10000-3 0  6259
2 32275  64.9848 112.4607 0001400 238.7117 282.6154  2.13105309 45455
COSMOS 2432 (719)       
1 32276U 07052B   13240.80468557 -.00000021  00000-0  10000-3 0  6149
2 32276  64.9967 112.4978 0012208 343.5223  46.7308  2.13104518 45462
COSMOS 2434 (721)       
1 32393U 07065A   13240.45218728 -.00000080  00000-0  00000+0 0  4617
2 32393  65.5215 351.2664 0006145 124.0206 302.1634  2.13102853 44163
COSMOS 2435 (722)       
1 32394U 07065B   13240.73974538 -.00000080  00000-0  10000-3 0  3677
2 32394  65.5247 351.2518 0018026   4.3591 239.4071  2.13103818 44108
COSMOS 2436 (723)       
1 32395U 07065C   13240.66039119 -.00000080  00000-0  10000-3 0  3745
2 32395  65.5331 351.2838 0015135 358.3173 319.4251  2.13102933 44098
COSMOS 2442 (724)       
1 33378U 08046A   13240.76162712 -.00000021  00000-0  10000-3 0  4032
2 33378  64.9010 111.9159 0023031 334.0338 121.7601  2.13103757 38329
COSMOS 2443 (725)       
1 33379U 08046B   13241.43136433 -.00000016  00000-0  10000-3 0  3896
2 33379  64.9094 111.9468 0019628 181.9077 290.7309  2.13101607 38347
COSMOS 2444 (726)       
1 33380U 08046C   13241.48502088 -.00000015  00000-0  10000-3 0  3851
2 33380  64.9174 111.9687 0023295 324.0381 151.0651  2.13109596 38337
COSMOS 2447 (727)       
1 33466U 08067A   13239.79929329  .00000063  00000-0  00000+0 0  3106
2 33466  64.0527 231.0156 0005219 261.2064  98.7381  2.13104261 36368
COSMOS 2449 (729)       
1 33467U 08067B   13240.09429237  .00000064  00000-0  10000-3 0  3099
2 33467  64.0398 230.9708 0022951 251.9431 107.8150  2.13097601 36390
COSMOS 2448 (728)       
1 33468U 08067C   13240.53505587  .00000066  00000-0  10000-3 0  3319
2 33468  64.0450 230.9638 0006781 287.9258 319.3198  2.13101591 36386
COSMOS 2456 (730)       
1 36111U 09070A   13241.15661019  .00000067  00000-0  00000+0 0   845
2 36111  64.2813 231.2210 0006558 296.9553 114.0607  2.13101914 28845
COSMOS 2457 (733)       
1 36112U 09070B   13240.62818760  .00000067  00000-0  00000+0 0   675
2 36112  64.2629 231.1885 0007111 183.5777 316.5743  2.13101568 28837
COSMOS 2458 (734)       
1 36113U 09070C   13240.19504899  .00000065  00000-0  10000-3 0   744
2 36113  64.2688 231.2021 0002413 282.4574 291.3660  2.13101998 28824
COSMOS 2459 (731)       
1 36400U 10007A   13241.34094720  .00000006  00000-0  10000-3 0    59
2 36400  64.8856 111.7158 0029798 356.3865   3.6771  2.13102139 27204
COSMOS 2461 (735)       
1 36401U 10007B   13240.29615370 -.00000024  00000-0  10000-3 0    09
2 36401  64.8788 111.7410 0006154  85.6189 103.2984  2.13102695 27178
COSMOS 2460 (732)       
1 36402U 10007C   13241.14703890 -.00000018  00000-0  10000-3 0    92
2 36402  64.8688 111.7027 0001350 130.2258  34.8618  2.13102183 27196
COSMOS 2466 (738)       
1 37137U 10041A   13240.45137756 -.00000080  00000-0  10000-3 0  8818
2 37137  65.1032 351.9013 0023266 152.5241 137.0642  2.13102315 23254
COSMOS 2465 (737)       
1 37138U 10041B   13240.32532846 -.00000079  00000-0  00000+0 0  8851
2 37138  65.1192 351.9577 0036969 165.9074 208.2932  2.13102874 23256
COSMOS 2464 (736)       
1 37139U 10041C   13240.78624936 -.00000080  00000-0  00000+0 0  8698
2 37139  65.1205 351.9303 0019674  19.3355 123.0419  2.13102762 23268
COSMOS 2471 (701K)      
1 37372U 11009A   13240.52415468 -.00000022  00000-0  10000-3 0  7489
2 37372  64.8797 111.6604 0005516 233.5211 288.6652  2.13111053 19462
COSMOS 2474 (742)       
1 37829U 11055A   13241.15447042  .00000068  00000-0  00000+0 0  5729
2 37829  64.6033 231.2104 0010594 261.1217  13.5336  2.13101924 14835
COSMOS 2476 (744)       
1 37867U 11064A   13240.67478255  .00000068  00000-0  00000+0 0  5378
2 37867  64.5838 231.3349 0019148 257.2832  54.7061  2.13102073 14179
COSMOS 2477 (745)       
1 37868U 11064B   13241.02094431  .00000068  00000-0  00000+0 0  5379
2 37868  64.5920 231.3527 0017235 258.5755 138.8432  2.13101941 14149
COSMOS 2475 (743)       
1 37869U 11064C   13241.35862824  .00000068  00000-0  00000+0 0  5331
2 37869  64.5993 231.3194 0024535 281.6611 330.1690  2.13102182 14151
COSMOS 2478 (746)       
1 37938U 11071A   13241.01583668 -.00000019  00000-0  00000+0 0  5208
2 37938  64.8985 111.8390 0012201 237.6730  96.8217  2.13102517 13750
