GOES 1 [-]              
1 08366U 75100A   13241.48554941  .00000021  00000-0  00000+0 0  5018
2 08366  13.6744 333.9514 0004722 169.1228 241.0314  1.00283575138336
GOES 2 [-]              
1 10061U 77048A   13240.71484670 -.00000223  00000-0  10000-3 0  7418
2 10061  14.5251 342.5188 0010102 274.2984  85.6305  0.99396168 77045
GOES 3 [P]              
1 10953U 78062A   13241.30996010 -.00000136  00000-0  10000-3 0  3247
2 10953  14.4898 346.0817 0007162 111.8094 248.3096  1.00279044 82057
GOES 4 [-]              
1 11964U 80074A   13240.54667804 -.00000196  00000-0  10000-3 0  9700
2 11964  15.0863 349.7562 0029247 342.9752  16.9652  0.99233490 81241
GOES 5 [-]              
1 12472U 81049A   13241.42174532  .00000017  00000-0  10000-3 0  8088
2 12472  14.7280 359.8779 0005967 135.2092 224.8801  1.00322802 76092
GOES 6 [-]              
1 14050U 83041A   13240.49850834  .00000032  00000-0  00000+0 0  8181
2 14050  14.6929   4.7423 0006410 108.7589 270.5780  1.00294598169184
GOES 7 [-]              
1 17561U 87022A   13240.44416845 -.00000008  00000-0  10000-3 0   528
2 17561  14.4059  20.9271 0002490  44.6499 315.4140  0.99891341 80276
GOES 8 [-]              
1 23051U 94022A   13240.24745545 -.00000238  00000-0  10000-3 0  6854
2 23051   9.2035  53.7263 0003219 151.0435 209.0867  0.98907670 77880
GOES 9 [P]              
1 23581U 95025A   13240.13066544 -.00000067  00000-0  10000-3 0  9739
2 23581   8.7337  52.3589 0008552  46.1667 314.0203  0.98800711 66572
GOES 10 [-]             
1 24786U 97019A   13240.45191226 -.00000091  00000-0  10000-3 0  8997
2 24786   6.9847  55.9187 0028844 111.5193 248.9407  0.99121563 59728
GOES 11 [+]             
1 26352U 00022A   13240.34611449 -.00000204  00000-0  00000+0 0  3095
2 26352   2.0713  97.4047 0007211  30.3504 330.0149  0.99045336 48708
GOES 12 [B]             
1 26871U 01031A   13241.38892193  .00000043  00000-0  10000-3 0  2021
2 26871   3.6361  73.2781 0004668 167.2452 123.0946  0.99135290 44386
GOES 13 [+]             
1 29155U 06018A   13238.44210161 -.00000271  00000-0  10000-3 0  7086
2 29155   0.0329 261.4325 0003376 207.5321 309.9959  1.00263061 26618
GOES 14 [S]             
1 35491U 09033A   13241.50663137 -.00000106  00000-0  10000-3 0   969
2 35491   0.4405 262.3728 0008899 288.1318 224.4334  1.00271654 15310
GOES 15 [S]             
1 36411U 10008A   13240.01385384  .00000070  00000-0  00000+0 0  7125
2 36411   0.4497 263.5507 0004003 248.0863  54.4435  1.00258183 12799
