GORIZONT 1              
1 11158U 78118A   13238.77926269 -.00000142  00000-0  00000+0 0  8262
2 11158  19.4017 294.7761 3299478 137.5596 253.2188  1.00235601 76037
GORIZONT 2              
1 11440U 79062A   13240.95341560 -.00000129  00000-0  00000+0 0   978
2 11440  14.2717 338.9916 0006691 166.0840 252.4264  1.00238349 91139
GORIZONT 3              
1 11648U 79105A   13239.78779743 -.00000190  00000-0  10000-3 0  9762
2 11648  14.3299 340.1534 0017479 126.3606 233.8428  1.00347772 75599
GORIZONT 4              
1 11841U 80049A   13240.27733981 -.00000040  00000-0  10000-3 0  1380
2 11841  15.1430 344.2015 0004352 148.8886 211.1778  0.98627572187433
GORIZONT 5              
1 13092U 82020A   13240.94295592 -.00000085  00000-0  10000-3 0   294
2 13092  15.6500 349.0261 0037809 122.4995 237.9049  0.98531555 75533
GORIZONT 6              
1 13624U 82103A   13239.14267777 -.00000288  00000-0  10000-3 0   881
2 13624  14.4996 348.8989 0006195 122.9522 237.1454  1.00238227 74051
GORIZONT 7              
1 14160U 83066A   13240.02366228 -.00000178  00000-0  10000-3 0   312
2 14160  15.3602 356.1842 0009738 204.9198 155.0685  0.98348824108803
GORIZONT 8              
1 14532U 83118A   13240.79728052 -.00000059  00000-0  10000-3 0  1414
2 14532  15.3441 357.6930 0029956  67.6996 292.6539  0.98268109 74596
GORIZONT 9              
1 14940U 84041A   13240.78494214 -.00000312  00000-0  10000-3 0  1896
2 14940  14.6352 356.6515 0008951 128.4259 231.6922  1.00277855 75143
GORIZONT 10             
1 15144U 84078A   13241.16699590 -.00000286  00000-0  10000-3 0   754
2 15144  14.6165 357.6763 0003452 124.2082 235.8638  1.00308842107739
GORIZONT 11             
1 15484U 85007A   13240.72245225 -.00000369  00000-0  00000+0 0   923
2 15484  14.5828 359.4084 0004780  97.0271 267.5180  1.00337766105749
GORIZONT 12             
1 16769U 86044A   13240.94742707  .00000095  00000-0  10000-3 0  6682
2 16769  14.6012   4.2554 0005399 130.8203 229.2661  1.00231804100398
GORIZONT 13             
1 17083U 86090A   13240.66850700  .00000000  00000-0  10000-3 0  7570
2 17083  15.7640   9.6396 0012245 236.6645 123.2557  0.96722585 73451
GORIZONT 14             
1 17969U 87040A   13239.01724761 -.00000150  00000-0  10000-3 0  3138
2 17969  15.7033   2.2350 0034068  90.0892 270.3308  0.97658614 74183
GORIZONT 15             
1 19017U 88028A   13239.26444796 -.00000136  00000-0  10000-3 0  1058
2 19017  15.5959  13.4730 0039231  72.5357 287.9250  0.97828155 73759
GORIZONT 16             
1 19397U 88071A   13240.54766131 -.00000005  00000-0  00000+0 0  9485
2 19397  14.5647  12.5860 0010619 332.8244  13.2156  0.99985919 91482
GORIZONT 17             
1 19765U 89004A   13240.03563090 -.00000060  00000-0  10000-3 0  8399
2 19765  14.7250  15.3551 0024070  51.5951 308.6581  0.99066401 89258
GORIZONT 18             
1 20107U 89052A   13240.97829052  .00000070  00000-0  10000-3 0   213
2 20107  14.5885  16.8132 0033106 222.8959 136.8878  0.99398258 87946
GORIZONT 19             
1 20263U 89081A   13238.81144872 -.00000379  00000-0  10000-3 0  4990
2 20263  14.3864  16.4644 0005909 128.6231 231.4659  1.00310300 87599
GORIZONT 20             
1 20659U 90054A   13238.88683503 -.00000228  00000-0  00000+0 0  9709
2 20659  14.4394  19.5909 0009516  98.0912 262.0526  1.00317176 84799
GORIZONT 21             
1 20923U 90094A   13238.54970857  .00000089  00000-0  10000-3 0   239
2 20923  14.3441  20.4754 0006988 124.9108 235.1926  1.00352987 83546
GORIZONT 22             
1 20953U 90102A   13241.11164502 -.00000013  00000-0  10000-3 0  8776
2 20953  14.2666  20.6684 0001410 139.9906 220.0652  1.00288838 83528
GORIZONT 23             
1 21533U 91046A   13240.37393346 -.00000065  00000-0  10000-3 0  8267
2 21533  14.5186  24.2199 0004482 169.3787 190.6746  0.98906266 74489
GORIZONT 24             
1 21759U 91074A   13239.86240643 -.00000075  00000-0  10000-3 0  4617
2 21759  14.4444  25.7250 0021015 131.7897 228.4362  0.98441684 79000
GORIZONT 25             
1 21922U 92017A   13240.22637254 -.00000288  00000-0  10000-3 0  8257
2 21922  14.0367  25.8026 0026280 355.8059   4.2174  0.99856283 78255
GORIZONT 26             
1 22041U 92043A   13236.63376585 -.00000128  00000-0  10000-3 0  4468
2 22041  13.9688  27.3206 0033745 139.5132 220.7837  0.99245611 77057
GORIZONT 27             
1 22245U 92082A   13239.14287494  .00000036  00000-0  00000+0 0  9429
2 22245  13.8914  27.8448 0009221 265.0286 107.1344  1.00195926 80291
GORIZONT 28             
1 22880U 93069A   13240.15767444 -.00000154  00000-0  10000-3 0  8348
2 22880  13.5625  31.0741 0036050  46.4594 313.8919  0.99657467 72541
GORIZONT 29             
1 22907U 93072A   13237.78210306 -.00000353  00000-0  10000-3 0  1396
2 22907  13.5219  30.9806 0008372 235.7822 124.1879  1.00154572 72352
GORIZONT 30             
1 23108U 94030A   13238.96356384 -.00000048  00000-0  10000-3 0  9426
2 23108  13.4056  32.0393 0004985  97.4355 262.6733  1.00151749 70592
GORIZONT 31             
1 23775U 96005A   13238.95621638 -.00000067  00000-0  10000-3 0  4691
2 23775  12.5717  37.4719 0022925 106.4999 253.8124  0.99880972 64331
GORIZONT 32             
1 23880U 96034A   13240.59966823  .00000000  00000-0  10000-3 0  3146
2 23880  12.4506  38.2496 0006151 242.4394 117.5702  1.00171917 63205
GORIZONT 33             
1 26372U 00029A   13239.40189940 -.00000311  00000-0  00000+0 0  1104
2 26372   9.9489  47.1100 0003862  59.1289 312.8682  1.00360738 48524
