INTELSAT 602 (IS-602)   
1 20315U 89087A   13239.71823527 -.00000229  00000-0  10000-3 0  7330
2 20315  10.2445  47.1591 0006969  73.5135 286.6564  0.99009406 85041
INTELSAT 603 (IS-603)   
1 20523U 90021A   13240.54907803 -.00000252  00000-0  10000-3 0  3550
2 20523   9.7102  48.8214 0003843 100.6773 304.5425  1.00272239 78848
SBS-6                   
1 20872U 90091A   13240.59473088  .00000000  00000-0  10000-3 0  7444
2 20872   5.3334  62.2342 0010424  32.7995 327.4646  0.98987684 71968
INTELSAT 605 (IS-605)   
1 21653U 91055A   13238.64901636  .00000017  00000-0  10000-3 0  4727
2 21653   7.8879  54.8218 0004070  63.3532 296.8184  0.99325881 80516
INTELSAT 601 (IS-601)   
1 21765U 91075A   13239.68761045 -.00000026  00000-0  10000-3 0  5649
2 21765   7.8583  53.7296 0001347  99.8141 260.3316  0.99594002 79749
INTELSAT 701 (IS-701)   
1 22871U 93066A   13240.48257981 -.00000306  00000-0  00000+0 0  2349
2 22871   1.4441  75.4964 0004731  39.5051 333.4518  1.00480944 72588
INTELSAT 702 (IS-702)   
1 23124U 94034A   13240.20999081  .00000134  00000-0  10000-3 0   140
2 23124   1.7926  74.3198 0003107  96.6645 274.1949  1.00273247 84495
INTELSAT 2 (IS-2)       
1 23175U 94040A   13241.03660863  .00000000  00000-0  10000-3 0  3503
2 23175   4.0914  68.4378 0005801  13.0091 347.2582  0.99187200 69318
INTELSAT 704 (IS-704)   
1 23461U 95001A   13241.04668154  .00000000  00000-0  10000-3 0  6920
2 23461   3.6967  66.1910 0007398  49.6692 310.6748  0.99174514 68110
INTELSAT 705 (IS-705)   
1 23528U 95013A   13240.61378066  .00000000  00000-0  10000-3 0  6480
2 23528   3.2736  67.6375 0020370   2.4663 357.8519  0.98969233 67336
INTELSAT 706 (IS-706)   
1 23571U 95023A   13240.81463782 -.00000158  00000-0  00000+0 0  8461
2 23571   1.7264  74.1795 0003452  81.9536 271.3296  1.00272370 66946
INTELSAT 3R (IS-3R)     
1 23764U 96002A   13237.69563968 -.00000038  00000-0  10000-3 0  4808
2 23764   3.4438  66.6611 0011168 133.9878 226.4178  0.99088163 64440
PAKSAT 1 (ANATOLIA 1)   
1 23779U 96006A   13240.21664027  .00000011  00000-0  10000-3 0   129
2 23779   1.4888  75.8889 0011813  48.5858 312.1065  0.99594492 64263
INTELSAT 707 (IS-707)   
1 23816U 96015A   13241.32278918 -.00000017  00000-0  10000-3 0  6745
2 23816   0.6918  77.5741 0064213 246.6566  35.3363  0.98480056 63921
GALAXY 9 (G-9)          
1 23877U 96033A   13239.11146209  .00000100  00000-0  10000-3 0  7746
2 23877   4.3430  64.2793 0013147  44.3066 316.0356  0.99537345 63146
INTELSAT 709 (IS-709)   
1 23915U 96035A   13239.42613675 -.00000237  00000-0  10000-3 0  8249
2 23915   1.1538  76.3888 0007833 115.5264 245.3191  0.99181249 63002
INTELSAT 26 (IS-26)     
1 24732U 97007A   13241.15743707  .00000065  00000-0  00000+0 0  4834
2 24732   5.0200  61.9199 0001886  83.8528 300.4770  1.00379764 60452
INTELSAT 801 (IS-801)   
1 24742U 97009A   13240.86717694 -.00000235  00000-0  10000-3 0  3980
2 24742   4.2511  64.5415 0003786  89.0697 106.3307  1.00272302 60454
GALAXY 25 (G-25)        
1 24812U 97026A   13240.67487699  .00000000  00000-0  10000-3 0  7090
2 24812   0.0038 126.7061 0002937  34.2143 325.9925  1.00268595 59590
INTELSAT 802 (IS-802)   
1 24846U 97031A   13239.26827657 -.00000190  00000-0  10000-3 0  6212
2 24846   2.2760  70.6002 0022836 174.7322 185.7223  0.98110660 59053
INTELSAT 5 (IS-5)       
1 24916U 97046A   13241.06526756  .00000094  00000-0  10000-3 0  6394
2 24916   0.7449  78.8228 0004265  65.9633 266.2968  1.00271340 58754
INTELSAT 805 (IS-805)   
1 25371U 98037A   13240.87540662  .00000000  00000-0  10000-3 0  2024
2 25371   0.0415 262.5774 0003207 259.8429  74.4758  1.00267488 55601
INTELSAT 7 (IS-7)       
1 25473U 98052A   13240.91760589 -.00000046  00000-0  10000-3 0  6936
2 25473   0.3195  81.2357 0003668  61.2684 233.7842  1.00273407 54773
INTELSAT 8 (IS-8)       
1 25522U 98065A   13240.69088895 -.00000051  00000-0  00000+0 0  4875
2 25522   0.0520 262.2758 0003236 250.1311 242.3608  1.00272247 54340
GALAXY 26 (G-26)        
1 25626U 99005A   13239.07377528  .00000093  00000-0  10000-3 0  2798
2 25626   0.0613 278.3111 0003436 235.8708 257.8219  1.00273307 53246
INSAT-2E (APR-1)        
1 25666U 99016A   13240.42108152 -.00000270  00000-0  10000-3 0  4914
2 25666   2.6284  70.2533 0006190 111.5129 248.9175  0.99656421 52831
GALAXY 27 (G-27)        
1 25922U 99052A   13240.14864723  .00000027  00000-0  10000-3 0  3032
2 25922   0.3942  79.7671 0002865  89.5608 280.8032  1.00273691 51002
GALAXY 11 (G-11)        
1 26038U 99071A   13241.06264525 -.00000305  00000-0  10000-3 0  6716
2 26038   0.0278  68.1524 0000350  31.2396 204.8951  1.00269855 50220
GALAXY 4R (G-4R)        
1 26298U 00020A   13240.43827561 -.00000221  00000-0  10000-3 0  3933
2 26298   6.1708  58.7571 0007909  78.9219 281.3362  0.99831758 48989
INTELSAT 9 (IS-9)       
1 26451U 00043A   13241.06297304 -.00000289  00000-0  10000-3 0   981
2 26451   0.7290  79.2983 0003068  85.7713 151.9415  1.00271343 47967
INTELSAT 12 (IS-12)     
1 26590U 00068A   13240.98283551  .00000117  00000-0  10000-3 0   867
2 26590   0.0285  63.1728 0003369  82.2332 230.7617  1.00274144 47030
INTELSAT 1R (IS-1R)     
1 26608U 00072A   13241.06279772 -.00000302  00000-0  10000-3 0  7596
2 26608   0.0041 247.7534 0000042 266.7701 155.5126  1.00272887 46871
INTELSAT 10 (IS-10)     
1 26766U 01019A   13239.64859816  .00000105  00000-0  10000-3 0  3166
2 26766   0.0189 245.7020 0001825 277.6822  93.6793  1.00276414 45031
INTELSAT 901 (IS-901)   
1 26824U 01024A   13240.33727443 -.00000161  00000-0  10000-3 0  1548
2 26824   0.0195  66.1370 0003424  87.2681 286.7040  1.00271754 44795
INTELSAT 902 (IS-902)   
1 26900U 01039A   13239.13339388  .00000011  00000-0  10000-3 0  1758
2 26900   0.0074 122.7115 0003408  39.9874 282.8492  1.00273441 43952
INTELSAT 904 (IS-904)   
1 27380U 02007A   13240.59158766  .00000029  00000-0  10000-3 0  2219
2 27380   0.0174  52.0349 0003107 104.6138  93.2723  1.00270175 42219
INTELSAT 903 (IS-903)   
1 27403U 02016A   13240.41692162 -.00000259  00000-0  00000+0 0  9161
2 27403   0.0222  81.4453 0003155  84.7751 286.1560  1.00271316 41874
INTELSAT 905 (IS-905)   
1 27438U 02027A   13238.14471883 -.00000207  00000-0  10000-3 0  7451
2 27438   0.0057 105.3911 0002989  38.4873 218.2683  1.00272938 41174
GALAXY 3C (G-3C)        
1 27445U 02030A   13241.34038973 -.00000171  00000-0  10000-3 0  8594
2 27445   0.0127 318.5717 0003052 153.8375 252.8224  1.00272268 41084
INTELSAT 906 (IS-906)   
1 27513U 02041A   13240.14429031 -.00000006  00000-0  10000-3 0  9585
2 27513   0.0133  88.2249 0003075  79.5478 284.8269  1.00272282 40248
INTELSAT 907 (IS-907)   
1 27683U 03007A   13238.37635501 -.00000225  00000-0  00000+0 0  5134
2 27683   0.0231  57.2764 0003636  94.1184 291.3696  1.00272121 38586
GALAXY 12 (G-12)        
1 27715U 03013B   13240.44121317  .00000038  00000-0  10000-3 0  7850
2 27715   0.0600 265.0461 0002206 259.0968 202.5099  1.00273736 38123
GALAXY 23 (G-23)        
1 27854U 03034A   13241.10894044  .00000000  00000-0  10000-3 0  8136
2 27854   0.0151 337.6999 0003336 188.8232  89.1610  1.00268045 36873
GALAXY 13 (HORIZONS-1)  
1 27954U 03044A   13238.57612935  .00000025  00000-0  00000+0 0  6750
2 27954   0.0067 134.1775 0002660 311.4538 329.7322  1.00274120 36340
INTELSAT 10-02          
1 28358U 04022A   13240.20235556 -.00000031  00000-0  10000-3 0  6077
2 28358   0.0158 151.7738 0000664 352.7515 263.9374  1.00273095 33746
GALAXY 28 (G-28)        
1 28702U 05022A   13240.42482900 -.00000206  00000-0  10000-3 0  5806
2 28702   0.0208 104.4724 0003808  63.8597 232.3889  1.00271281 30011
GALAXY 14 (G-14)        
1 28790U 05030A   13240.67809907  .00000016  00000-0  10000-3 0  5830
2 28790   0.0297 305.3769 0002865 225.2262 285.5485  1.00273586 29427
GALAXY 15 (G-15)        
1 28884U 05041A   13241.02667042  .00000000  00000-0  10000-3 0  5921
2 28884   0.0292 255.1744 0001452 298.0109  20.8268  1.00271710 28739
GALAXY 16 (G-16)        
1 29236U 06023A   13240.66749041  .00000000  00000-0  10000-3 0  5462
2 29236   0.0142 106.5218 0003585  54.6454 317.1374  1.00267144 26394
GALAXY 17 (G-17)        
1 31307U 07016B   13241.01127689 -.00000194  00000-0  00000+0 0  2181
2 31307   0.0103  83.9072 0001244 209.1308 317.3485  1.00271383 23194
INTELSAT 11 (IS-11)     
1 32253U 07044B   13241.34167801 -.00000288  00000-0  10000-3 0  9343
2 32253   0.0354 265.6110 0002816 262.9519 249.1364  1.00271736 21651
HORIZONS-2              
1 32388U 07063B   13241.08599921 -.00000202  00000-0  10000-3 0   567
2 32388   0.0291 280.6697 0002559 242.3571 290.2262  1.00272291 21001
GALAXY 18 (G-18)        
1 32951U 08024A   13240.61364530  .00000005  00000-0  10000-3 0  8934
2 32951   0.0203 166.3285 0003294 349.2755 279.2803  1.00273183 19333
INTELSAT 25 (IS-25)     
1 33153U 08034A   13238.26201784 -.00000247  00000-0  10000-3 0  9186
2 33153   0.0212 288.6102 0003107 219.9485 248.9117  1.00271066 18844
INTELSAT 14 (IS-14)     
1 36097U 09064A   13240.34595850 -.00000294  00000-0  00000+0 0  6311
2 36097   0.0177  71.4356 0002097 107.7603 237.0527  1.00271037 13821
INTELSAT 15 (IS-15)     
1 36106U 09067A   13238.82555331 -.00000207  00000-0  10000-3 0  8361
2 36106   0.0084  93.1258 0002415  59.0239 205.4139  1.00272219 13695
INTELSAT 16 (IS-16)     
1 36397U 10006A   13241.35692097 -.00000304  00000-0  10000-3 0  7403
2 36397   0.0230   8.3805 0002708 153.5641 246.1594  1.00271574 12978
INTELSAT 17 (IS-17)     
1 37238U 10065B   13239.05164324 -.00000024  00000-0  00000+0 0  5541
2 37238   0.0065 116.2118 0003318  42.2244 261.5898  1.00272945 10133
INTELSAT NEW DAWN       
1 37392U 11016A   13239.02148126  .00000134  00000-0  10000-3 0  4981
2 37392   0.0056 223.2783 0000517 296.6357 216.0411  1.00275798  8647
INTELSAT 18 (IS-18)     
1 37834U 11056A   13241.27161475  .00000033  00000-0  00000+0 0  4127
2 37834   0.0356 300.9596 0003426 194.9861 119.4534  1.00271883  7088
INTELSAT 22 (IS-22)     
1 38098U 12011A   13241.11168553  .00000000  00000-0  10000-3 0  2980
2 38098   0.0320  68.6380 0003623 118.2096 262.9501  1.00269165  5276
INTELSAT 19 (IS-19)     
1 38356U 12030A   13240.47921277 -.00000077  00000-0  10000-3 0  3050
2 38356   0.0101 294.9191 0002757 223.9140 156.5342  1.00272630  4658
INTELSAT 20 (IS-20)     
1 38740U 12043A   13241.08870188 -.00000045  00000-0  10000-3 0  2912
2 38740   0.0105  88.9176 0002348 262.6036  86.3815  1.00272998  3957
INTELSAT 21 (IS-21)     
1 38749U 12045A   13240.06678078 -.00000306  00000-0  10000-3 0  2396
2 38749   0.0378 298.4908 0002677 197.9627 166.0479  1.00272291  3802
INTELSAT 23 (IS-23)     
1 38867U 12057A   13241.06271387 -.00000305  00000-0  10000-3 0  1896
2 38867   0.0215 330.2058 0001866 196.3561 140.4296  1.00270879  3233
