COSMOS 2361             
1 25590U 98076A   13241.10865323  .00000067  00000-0  55778-4 0  3689
2 25590  82.9314  61.7706 0032693 140.7674 358.4332 13.72815358735476
COSMOS 2378             
1 26818U 01023A   13240.64864276  .00000036  00000-0  21362-4 0  4660
2 26818  82.9236  86.1072 0034498 102.2092 258.2924 13.73817161612879
COSMOS 2389             
1 27436U 02026A   13240.85615758  .00000025  00000-0  10211-4 0  1063
2 27436  82.9518  28.2523 0045745 345.3351 179.3030 13.74814389564699
COSMOS 2398             
1 27818U 03023A   13240.82520456  .00000061  00000-0  50929-4 0   331
2 27818  82.9513 339.4802 0031115 340.0534  19.9413 13.72042935512545
COSMOS 2407             
1 28380U 04028A   13241.21616848  .00000053  00000-0  39034-4 0  8824
2 28380  82.9602 295.6480 0039782   5.8719 354.2886 13.75934317457132
COSMOS 2414             
1 28521U 05002A   13241.35440254  .00000061  00000-0  38622-4 0  3258
2 28521  82.9522 337.8118 0040128 336.6574  23.2759 13.87456698435825
COSMOS 2429             
1 32052U 07038A   13240.57318659  .00000035  00000-0  20546-4 0  9072
2 32052  82.9761  50.6538 0037845 330.9798  28.9253 13.74780462299247
COSMOS 2454             
1 35635U 09039A   13241.33664599  .00000065  00000-0  40385-4 0  9332
2 35635  82.9592 330.1671 0018482 315.5421  44.4255 13.89484759208310
COSMOS 2463             
1 36519U 10017A   13240.87029876 -.00000017  00000-0 -35772-4 0  7749
2 36519  82.9575  83.7053 0037241 137.6047 222.7989 13.71318688167181
