TRANSIT 16              
1 02807U 67048A   13239.83408697  .00000065  00000-0  85787-4 0  9782
2 02807  89.6772 153.7141 0021815 128.5434 263.3935 13.49918604277376
TRANSIT 17              
1 02965U 67092A   13239.45573326  .00000055  00000-0  66785-4 0  1931
2 02965  89.2566   5.6926 0045956 307.2700 134.0578 13.52637570264230
TRANSIT 18              
1 03133U 68012A   13240.50699306  .00000095  00000-0  13160-3 0  5236
2 03133  89.9543 281.3549 0074521 206.9760 278.9056 13.50739393239522
NNSS 19                 
1 04507U 70067A   13241.20103302  .00000104  00000-0  13654-3 0  2145
2 04507  89.8239 287.2540 0171156 327.6717  97.7446 13.50375450116681
NNSS O-20               
1 06909U 73081A   13241.20681784  .00000139  00000-0  13406-3 0  6986
2 06909  89.8594 335.6954 0158212 199.0678 218.4758 13.70072077189077
TRANSAT                 
1 10457U 77106A   13240.87596527  .00000062  00000-0  82764-4 0  5947
2 10457  89.7492 204.8231 0026421 167.1937 250.1803 13.48404281762635
NOVA I                  
1 12458U 81044A   13240.80700183  .00000064  00000-0  13158-3 0  9737
2 12458  90.0134 123.5415 0013063 234.2538 174.6795 13.22824210558585
NOVA 3                  
1 15362U 84110A   13240.07629646  .00000060  00000-0  12294-3 0  6456
2 15362  90.0141  50.7212 0033817 101.5702  48.7805 13.22599440393713
OSCAR 30                
1 15935U 85066A   13239.57205950  .00000057  00000-0  85964-4 0  2451
2 15935  90.0989  34.4558 0170566 146.2597 260.2254 13.35425572365202
OSCAR 24                
1 15936U 85066B   13241.07573190  .00000045  00000-0  63080-4 0  9396
2 15936  90.0884  29.9004 0171367 145.7071 286.6681 13.35314828367516
POLAR BEAR              
1 17070U 86088A   13241.12190792  .00000063  00000-0  54789-4 0  1108
2 17070  89.5358  33.7782 0037364 331.4619  80.4026 13.74521198343332
OSCAR 27                
1 18361U 87080A   13239.49452826  .00000050  00000-0  67626-4 0  1976
2 18361  90.3586 287.4914 0107455 117.0243  20.6474 13.44241315272469
OSCAR 29                
1 18362U 87080B   13240.18444998  .00000074  00000-0  10840-3 0  4543
2 18362  90.3592 287.7038 0108917 128.6138 293.3530 13.43856102272278
OSCAR 23                
1 19070U 88033A   13240.59377994  .00000051  00000-0  84867-4 0  7320
2 19070  90.3141 227.0866 0191285  60.2098  68.5755 13.27249947227228
OSCAR 32                
1 19071U 88033B   13240.86778690  .00000095  00000-0  17333-3 0   288
2 19071  90.3140 227.1776 0189506  50.1149  10.8897 13.27444134227454
NOVA 11                 
1 19223U 88052A   13239.17191937  .00000044  00000-0  82553-4 0  1971
2 19223  89.9777  91.0135 0032038 143.9289 331.7025 13.22523058216121
OSCAR 25                
1 19419U 88074A   13240.00010913  .00000052  00000-0  72844-4 0  4424
2 19419  89.9636  22.4633 0098369  88.6801  48.9528 13.41974025224395
OSCAR 31                
1 19420U 88074B   13240.48465557  .00000033  00000-0  38968-4 0  1162
2 19420  89.9640  22.4217 0096419  81.7893 348.8565 13.42004795224560
