RADUGA 32               
1 23448U 94087A   13237.95064338 -.00000153  00000-0  10000-3 0  6589
2 23448  13.1224  34.6078 0008258 120.0977 240.0376  1.00282341 86033
RADUGA-1 4              
1 25642U 99010A   13239.95091795 -.00000264  00000-0  10000-3 0  7558
2 25642  12.1817  47.9410 0004741  99.1620 260.9695  1.00349518 53094
RADUGA-1 5              
1 26477U 00049A   13239.08201149  .00000110  00000-0  10000-3 0  6377
2 26477   9.7984  48.4189 0003989  53.3332 306.7996  1.00274124 47593
RADUGA-1 7              
1 28194U 04010A   13240.89401233 -.00000378  00000-0  10000-3 0  7462
2 28194   7.3299  61.3553 0005040  58.8245 301.3647  1.00317604 34520
RADUGA-1M 1             
1 32373U 07058A   13240.41069990  .00000071  00000-0  10000-3 0  6366
2 32373   0.2423  65.3814 0002496  27.4995 267.1466  0.99394841 21849
