SPOT 2                  
1 20436U 90005A   13241.15596907  .00000917  00000-0  16006-3 0  8804
2 20436  98.7374  45.4933 0150412 240.8038 117.8046 14.63716406229762
SCD 1                   
1 22490U 93009B   13240.38712698  .00000295  00000-0  32210-4 0  2094
2 22490  24.9688 213.4646 0043376  78.7981  53.2985 14.43896283 84614
ERS-2                   
1 23560U 95021A   13240.11296880  .00003540  00000-0  24340-3 0  7567
2 23560  98.5599  41.8585 0003465 308.0599 184.5979 15.06700961965082
RADARSAT-1              
1 23710U 95059A   13241.33989300  .00000154  00000-0  76618-4 0  9359
2 23710  98.5826 247.6483 0001106  86.9896  27.4110 14.30045692930068
TOMS EP                 
1 23940U 96037A   13240.55468866  .00000385  00000-0  10243-3 0  3365
2 23940  97.9288  54.2570 0027709 279.0120 121.5707 14.53308465912039
MIDORI (ADEOS)          
1 24277U 96046A   13240.96897189  .00000073  00000-0  46021-4 0  3085
2 24277  98.5585 182.1142 0002294  89.3095 312.4542 14.28914312887935
ORBVIEW 2 (SEASTAR)     
1 24883U 97037A   13240.82777894  .00000117  00000-0  58804-4 0  1140
2 24883  98.4585 353.8208 0001446 232.0528 274.1726 14.32678053853051
IRS-1D                  
1 24971U 97057A   13241.35094248  .00000188  00000-0  81624-4 0   226
2 24971  98.2384 218.5944 0054684  35.0749 325.4018 14.33343768832566
TRMM                    
1 25063U 97074A   13241.49800587 -.00000006  00000-0  00000+0 0  4109
2 25063  34.9595 269.7745 0001455 306.0222  54.0880 15.55891346899236
SPOT 4                  
1 25260U 98017A   13241.38943607 -.00000528  00000-0 -11724-3 0  8760
2 25260  98.5048 296.9668 0012296 205.1214 154.9426 14.52715630800296
FASAT B                 
1 25395U 98043B   13240.00433137  .00000078  00000-0  51096-4 0  7043
2 25395  98.3737 211.7694 0003429  50.9801 349.2690 14.24677728786668
TECHSAT 1B (GO-32)      
1 25397U 98043D   13240.67471227  .00000036  00000-0  34290-4 0  1483
2 25397  98.4232 205.3086 0002461  94.0603  11.1626 14.23355974786253
SCD 2                   
1 25504U 98060A   13240.50647081  .00000299  00000-0  34416-4 0  5156
2 25504  24.9964  47.5414 0017347 133.3339 261.0715 14.43501082784036
LANDSAT 7               
1 25682U 99020A   13241.30967576 -.00001071  00000-0 -22771-3 0  4513
2 25682  98.2313 309.6325 0000777  92.8407 267.2852 14.57096183764485
KITSAT 3                
1 25756U 99029A   13240.38669066  .00000056  00000-0  25044-4 0  2014
2 25756  98.4837 130.0505 0014309 173.7652 297.7223 14.52999882755756
DLR-TUBSAT              
1 25757U 99029B   13241.26482027  .00000040  00000-0  21784-4 0  4048
2 25757  98.5258 124.2517 0013427 221.1480 138.8701 14.51057904755160
IRS-P4 (OCEANSAT 1)     
1 25758U 99029C   13241.16942719  .00000242  00000-0  71635-4 0  4388
2 25758  98.2442 330.1839 0002830 194.9733 222.3696 14.51425936755315
QUIKSCAT                
1 25789U 99034A   13240.48897566  .00000023  00000-0  27358-4 0  6811
2 25789  98.6192  69.2813 0001911 108.4747 284.9175 14.27015054739116
IKONOS 2                
1 25919U 99051A   13241.46486184  .00000135  00000-0  34376-4 0  3969
2 25919  98.1059 315.3342 0001080  75.0765 285.0574 14.64448149744618
CBERS 1 (ZY 1A)         
1 25940U 99057A   13240.86430862  .00000115  00000-0  55350-4 0  5598
2 25940  98.3246 194.5413 0005560 165.5942 213.0534 14.34831662726707
TERRA                   
1 25994U 99068A   13241.32515123  .00000392  00000-0  96996-4 0  4367
2 25994  98.2015 315.1964 0001131  92.6981 267.4357 14.57112014728564
ARIRANG 1 (KOMPSAT-1)   
1 26032U 99070A   13241.36388029  .00000644  00000-0  12327-3 0  3422
2 26032  97.7539  71.0562 0005883  47.1829 312.9871 14.66894111732274
EO-1                    
1 26619U 00075A   13241.30959170  .00000639  00000-0  13348-3 0  7809
2 26619  98.0227 301.6362 0010449 166.5605 193.5877 14.63038825680488
SAC-C                   
1 26620U 00075B   13240.82470499  .00000278  00000-0  70848-4 0  9955
2 26620  97.9406 213.9237 0001255 116.4164 302.5974 14.57287081678954
EROS A1                 
1 26631U 00079A   13241.43499064  .00007908  00000-0  45488-3 0  5749
2 26631  97.6081 315.4067 0012047 147.7740 307.6786 15.12673396706554
QUICKBIRD 2             
1 26953U 01047A   13241.37112727  .00013758  00000-0  29445-3 0  9124
2 26953  97.1644 304.4407 0001836 100.4578 325.0270 15.44902742666367
TES                     
1 26957U 01049A   13241.36494294  .00003136  00000-0  23593-3 0  8857
2 26957  97.7267 321.4275 0047193  70.0000 290.6259 15.02394856649357
JASON 1                 
1 26997U 01055A   13240.82420095 -.00000012  00000-0  20605-3 0  7060
2 26997  66.0394 119.5670 0008825 274.1341 133.0885 12.83923824548611
METEOR-3M               
1 27001U 01056A   13240.50919956 -.00000013  00000-0  34201-4 0  3843
2 27001  99.2235  47.9198 0013519   8.6060  24.1996 13.68752466585275
BADR-B                  
1 27003U 01056C   13240.79555378 -.00000014  00000-0  31521-4 0  4349
2 27003  99.1713  53.3027 0019970 356.2299 128.1630 13.70156865585962
MAROC-TUBSAT            
1 27004U 01056D   13240.12958337 -.00000015  00000-0  30359-4 0  1570
2 27004  99.1745  51.8149 0019614 359.4761 113.9465 13.70069800585836
SPOT 5                  
1 27421U 02021A   13241.37729832  .00000293  00000-0  15754-3 0  7631
2 27421  98.6039 308.1499 0000899  87.0697   3.4486 14.20080833586902
AQUA                    
1 27424U 02022A   13240.81360075  .00000377  00000-0  93685-4 0  7546
2 27424  98.2032 181.0788 0001786  76.3487  20.4403 14.57132881602095
HAIYANG-1A              
1 27430U 02024A   13240.72540356  .00000110  00000-0  58146-4 0  2977
2 27430  98.2761 269.9370 0008363 217.7413 278.7460 14.30216796589221
ALSAT 1                 
1 27559U 02054A   13240.48266358  .00000332  00000-0  62269-4 0  8829
2 27559  97.7626  75.9523 0024338 132.5447 282.8066 14.70395363574935
MIDORI II (ADEOS-II)    
1 27597U 02056A   13240.13519896  .00000141  00000-0  75395-4 0   940
2 27597  98.2870 258.7969 0002222 105.8714 294.5363 14.26594772557305
IRS-P6 (RESOURCESAT-1)  
1 28051U 03046A   13241.35618113 -.00000722  00000-0 -30938-3 0  3508
2 28051  98.7522 317.4573 0004285  36.1816 323.9651 14.21603189512096
CBERS 2 (ZY 1B)         
1 28057U 03049A   13241.35129546  .00000115  00000-0  54467-4 0  7809
2 28057  98.1638 237.6934 0001929  62.7407 297.3975 14.35089941516424
TANSUO 1 (TS 1)         
1 28220U 04012A   13241.09597718  .00001315  00000-0  13365-3 0  6020
2 28220  97.5084 214.9038 0012983 121.9054 327.5746 14.92339314508805
FORMOSAT-2 (ROCSAT 2)   
1 28254U 04018A   13241.41795333  .00000104  00000-0  10000-3 0  3858
2 28254  99.1000 303.0392 0001883  87.3174 332.6146 14.00742683474311
AURA                    
1 28376U 04026A   13240.86941803  .00000569  00000-0  13633-3 0  9019
2 28376  98.1979 183.3075 0001103  98.9460 261.1898 14.57126673485159
PARASOL                 
1 28498U 04049G   13241.26177953  .00000459  00000-0  10544-3 0  7352
2 28498  98.4685 217.2187 0001169 114.4064 245.7275 14.60180866462776
IRS-P5 (CARTOSAT-1)     
1 28649U 05017A   13241.33622795  .00000966  00000-0  12401-3 0  3727
2 28649  97.8668 315.2625 0001638 128.5544 231.5812 14.83458820450224
TOPSAT                  
1 28891U 05043B   13241.31559293  .00000206  00000-0  51465-4 0  7214
2 28891  97.8474  89.1744 0016241 208.7502 151.2800 14.60366839417713
SINAH 1                 
1 28893U 05043D   13240.14723013  .00000139  00000-0  37587-4 0  7707
2 28893  97.8553  90.7726 0014991 209.2539 297.6578 14.60566603417625
ALOS (DAICHI)           
1 28931U 06002A   13241.37854198  .00000747  00000-0  16323-3 0  4325
2 28931  98.0250 304.1044 0001926  52.9757 307.1628 14.60525481404728
EROS B                  
1 29079U 06014A   13241.36485443  .00010700  00000-0  49488-3 0  2498
2 29079  97.4532 359.0329 0007598 125.8920 306.6942 15.20306715407399
RSS-1 (YAOGAN 1)        
1 29092U 06015A   13240.50501935  .00000289  00000-0  43755-4 0  5052
2 29092  97.9609 232.4935 0001357 102.5414  43.5762 14.81313096396657
RESURS-DK 1             
1 29228U 06021A   13241.36041435  .00000209  00000-0  24464-4 0   636
2 29228  69.9365  24.5083 0006286 299.5407  60.5143 15.00027861399801
ARIRANG 2 (KOMPSAT-2)   
1 29268U 06031A   13241.31307166  .00000322  00000-0  73431-4 0  8410
2 29268  98.2118 137.1444 0016329  54.2394 306.0305 14.62190562378203
LAPAN-TUBSAT            
1 29709U 07001A   13241.25884716  .00000304  00000-0  45630-4 0  3462
2 29709  97.6271 258.0698 0012491 324.2942  35.7434 14.80982812358467
CARTOSAT-2 (IRS-P7)     
1 29710U 07001B   13241.42324476  .00006641  00000-0  91302-3 0  3270
2 29710  97.9576 299.5831 0000736  44.2597 315.7608 14.78642742358111
HAIYANG-1B              
1 31113U 07010A   13241.31887160  .00000129  00000-0  66078-4 0   660
2 31113  98.3515 290.9983 0014512 215.0888 144.9343 14.29908053333139
COSMO-SKYMED 1          
1 31598U 07023A   13241.36309179  .00000607  00000-0  82793-4 0  8925
2 31598  97.8751  65.4040 0001286  82.8035 277.3318 14.82166774336871
TERRASAR-X              
1 31698U 07026A   13241.40829279 -.00000555  00000-0 -23265-4 0  1221
2 31698  97.4448 247.9021 0001754  77.1399  31.2348 15.19144992344189
WORLDVIEW-1 (WV-1)      
1 32060U 07041A   13241.36628713  .00004839  00000-0  19893-3 0  6118
2 32060  97.3354 314.6100 0001888 104.7462 324.5356 15.24633931330829
CBERS 2B                
1 32062U 07042A   13241.29766589  .00000110  00000-0  48872-4 0  1604
2 32062  98.3306 308.5769 0032975  44.8344 315.5500 14.39012768311998
YAOGAN 3                
1 32289U 07055A   13241.34512837  .00000755  00000-0  10347-3 0  4142
2 32289  97.9162 231.2174 0001218 105.3442 254.7912 14.81319956313319
COSMO-SKYMED 2          
1 32376U 07059A   13241.32932944  .00000037  00000-0  11213-4 0  2927
2 32376  97.8753  65.3699 0001484  82.6473 277.4918 14.82166515309613
RADARSAT-2              
1 32382U 07061A   13241.37833404  .00000214  00000-0  10000-3 0  2775
2 32382  98.5776 248.1149 0001202  88.5674  18.4259 14.29985192297955
CARTOSAT-2A             
1 32783U 08021A   13241.33241824  .00000648  00000-0  95440-4 0  9143
2 32783  97.9817 299.1568 0014532 121.8382 238.4258 14.78648246288040
IMS-1                   
1 32786U 08021D   13241.36207843  .00001352  00000-0  18118-3 0  3976
2 32786  97.7458 291.3196 0014436  85.7102 274.5756 14.80900725288336
JASON 2 (OSTM)          
1 33105U 08032A   13240.84601639 -.00000033  00000-0  12226-3 0  7050
2 33105  66.0410 125.3963 0007629 269.1270 213.9748 12.80929082242778
RAPIDEYE 2              
1 33312U 08040A   13241.32109145  .00000522  00000-0  76036-4 0  5553
2 33312  97.9039 329.5083 0012269 172.5613 187.5781 14.79906017270107
RAPIDEYE 5              
1 33313U 08040B   13241.34601012  .00000540  00000-0  78286-4 0  5410
2 33313  97.8982 328.4645 0018739  51.7669 308.5243 14.79905926270053
RAPIDEYE 1              
1 33314U 08040C   13241.33405629  .00000542  00000-0  78422-4 0  5937
2 33314  97.9022 329.4969 0024229 187.4877 172.5974 14.79904616270098
RAPIDEYE 3              
1 33315U 08040D   13241.30440536  .00000551  00000-0  79782-4 0  5403
2 33315  97.8970 328.2856 0013285 122.1902 238.0598 14.79908474270059
RAPIDEYE 4              
1 33316U 08040E   13241.35803528  .00000568  00000-0  82010-4 0  5195
2 33316  97.8958 328.1118 0013175  71.9004 288.3655 14.79906836270050
HUANJING 1A (HJ-1A)     
1 33320U 08041A   13241.31180273  .00000720  00000-0  11400-3 0  4779
2 33320  97.8125 301.8883 0027223 170.6027 189.5693 14.74921768268056
HUANJING 1B (HJ-1B)     
1 33321U 08041B   13241.34766610  .00000848  00000-0  13240-3 0  5358
2 33321  97.8150 302.2930 0036470 188.0736 171.9890 14.74937176268040
GEOEYE 1                
1 33331U 08042A   13241.36322273  .00000335  00000-0  72299-4 0  5008
2 33331  98.1362 314.5406 0008916 294.2451  65.7823 14.64430459266014
THEOS                   
1 33396U 08049A   13241.36764166  .00000184  00000-0  10701-3 0  2881
2 33396  98.7482 308.1482 0001035  98.9284 326.2866 14.20018183254517
COSMO-SKYMED 3          
1 33412U 08054A   13241.31666718  .00000073  00000-0  15740-4 0  3231
2 33412  97.8749  65.3559 0001416  87.7871 272.3510 14.82166034262074
YAOGAN 4                
1 33446U 08061A   13241.34953244  .00000573  00000-0  92563-4 0  2335
2 33446  97.7314 292.4662 0018437 123.1458 237.1520 14.74819529255328
YAOGAN 5                
1 33456U 08064A   13241.37276861  .00020469  00000-0  38419-3 0  2431
2 33456  97.2082 314.8821 0005750 314.2355 113.9682 15.48632026262982
GOSAT (IBUKI)           
1 33492U 09002A   13241.31689591 -.00000231  00000-0 -32334-4 0  7585
2 33492  98.0963 350.3105 0001581  61.9547 298.1795 14.67532057246274
YAOGAN 6                
1 34839U 09021A   13241.29026314  .00005167  00000-0  25766-3 0  8567
2 34839  97.3191 321.9866 0000923 100.4980 344.8839 15.17957023241422
RAZAKSAT                
1 35578U 09037A   13241.21012373  .00000984  00000-0  77688-4 0  5545
2 35578   8.9882  26.7080 0016574 120.4046 239.7799 14.65720854221382
DEIMOS-1                
1 35681U 09041A   13241.36091786  .00000250  00000-0  49758-4 0  5224
2 35681  97.9918 138.6547 0001819  97.2193 262.9207 14.70006196219107
OCEANSAT 2              
1 35931U 09051A   13241.18087815  .00000298  00000-0  86699-4 0  4351
2 35931  98.2791 335.8446 0003514 137.4859 279.7451 14.50859590208193
WORLDVIEW-2 (WV-2)      
1 35946U 09055A   13241.36061507 -.00002346  00000-0 -76720-3 0  3171
2 35946  98.4471 320.1524 0001071 100.6585 259.5266 14.37641673204095
SMOS                    
1 36036U 09059A   13240.61980498  .00000188  00000-0  73893-4 0  1584
2 36036  98.4453  67.0739 0001249  89.7624 270.3707 14.39749234200810
YAOGAN 7                
1 36110U 09069A   13241.33397032  .00000681  00000-0  11050-3 0  1241
2 36110  98.0235  14.8465 0023631 233.5629 126.3417 14.74209306200308
TANDEM-X                
1 36605U 10030A   13241.20290670 -.00000702  00000-0 -30236-4 0  7167
2 36605  97.4427 247.6968 0002101  92.3092 333.5349 15.19143550176891
CARTOSAT 2B             
1 36795U 10035A   13241.37227392  .00000567  00000-0  84041-4 0  5080
2 36795  97.8526 300.0532 0015168 193.6690 166.4108 14.78720776169097
YAOGAN 10               
1 36834U 10038A   13241.33738822  .00000520  00000-0  73298-4 0  3931
2 36834  97.8540 238.0721 0000832  73.2979 286.8325 14.81246432165069
COSMO-SKYMED 4          
1 37216U 10060A   13241.34621692  .00000379  00000-0  54087-4 0  1191
2 37216  97.8747  65.3868 0001535  72.7588 287.3787 14.82165867152165
SAC-D                   
1 37673U 11024A   13240.63547814  .00000246  00000-0  46742-4 0  7067
2 37673  98.0133 247.0380 0001429 101.7793  31.1820 14.72317695119180
RASAT                   
1 37791U 11044D   13241.34246071  .00000299  00000-0  66601-4 0  2845
2 37791  98.1991 324.2661 0022598 159.6640 200.5470 14.63690068108670
MEGHA-TROPIQUES         
1 37838U 11058A   13240.39055370  .00000338  00000-0  41865-4 0  4724
2 37838  19.9769 246.1249 0009584 312.5786  47.3810 14.09693162 96906
SRMSAT                  
1 37841U 11058D   13241.16736472  .00000357  00000-0  51588-4 0  4525
2 37841  19.9708 238.0802 0011904 319.3106 108.1864 14.10243426 97089
YAOGAN 13               
1 37941U 11072A   13241.34102737  .00003980  00000-0  18950-3 0  9843
2 37941  97.3712 170.2481 0001178  92.3784  63.2942 15.19709497 97024
PLEIADES 1A             
1 38012U 11076F   13241.39621360  .00000281  00000-0  70351-4 0  8990
2 38012  98.1950 315.5087 0001184  76.8270 283.3062 14.58557367 90566
ZIYUAN 1-02C (ZY 1-02C) 
1 38038U 11079A   13241.27319935  .00000192  00000-0  82144-4 0  8804
2 38038  98.4976 316.7463 0000649  72.6977 287.4288 14.35381044 88394
ZIYUAN 3 (ZY 3)         
1 38046U 12001A   13241.44197917  .00005069  00000-0  22952-3 0  8608
2 38046  97.4331 317.2936 0003961  12.8837 165.4549 15.21325485 90963
RISAT 1                 
1 38248U 12017A   13241.31657407  .00001963  00000-0  12835-3 0  5155
2 38248  97.5957 247.4149 0001993 104.1209  79.8320 15.08962499 73944
ARIRANG 3 (KOMPSAT-3)   
1 38338U 12025B   13241.34165184  .00000431  00000-0  95718-4 0   373
2 38338  98.1686 180.6893 0011606   8.6431 351.4967 14.61857358 68463
SPOT 6                  
1 38755U 12047A   13241.34253965  .00000274  00000-0  68598-4 0  1209
2 38755  98.1599 307.5526 0001583  84.4323 275.7061 14.58562000 51634
LANDSAT 8               
1 39084U 13008A   13240.79924552  .00000214  00000-0  57573-4 0  2440
2 39084  98.2047 310.7445 0001302  58.7452 301.3848 14.57112122 28875
SARAL                   
1 39086U 13009A   13241.05683495 -.00001683  00000-0 -60836-3 0  2179
2 39086  98.5596  68.4357 0001825  88.3250 271.8177 14.32234871 26416
