SARSAT 7 (NOAA 15)      
1 25338U 98030A   13241.45787359  .00000100  00000-0  61374-4 0  8546
2 25338  98.7307 231.2868 0009435 274.6318 238.7894 14.25259797795282
SARSAT 8 (NOAA 16)      
1 26536U 00055A   13241.27439340  .00000199  00000-0  13114-3 0  3429
2 26536  99.0357 294.7385 0009486 289.9568 112.3623 14.12909664666894
GPS BIIR-07 [DASS]      
1 26690U 01004A   13241.35837244  .00000029  00000-0  00000+0 0  9546
2 26690  53.1104 215.8228 0147999 241.0577 337.2504  2.00568010 92199
GOES 12                 
1 26871U 01031A   13241.38892193  .00000043  00000-0  10000-3 0  2021
2 26871   3.6361  73.2781 0004668 167.2452 123.0946  0.99135290 44386
GPS BIIR-08 [DASS]      
1 27663U 03005A   13241.47658817 -.00000042  00000-0  00000+0 0  3865
2 27663  56.4830  38.9390 0070448   5.8674  33.8620  2.00560351 77544
INSAT 3A                
1 27714U 03013A   13241.54182313 -.00000278  00000-0  10000-3 0  8414
2 27714   0.0244 236.0798 0004510 333.9130  56.4788  1.00273623 38081
GPS BIIR-11 [DASS]      
1 28190U 04009A   13240.59660553 -.00000036  00000-0  00000+0 0  8383
2 28190  55.1986 101.2667 0094602  19.8672  16.0138  2.00556228 69209
GPS BIIR-12 [DASS]      
1 28361U 04023A   13241.44406478 -.00000003  00000-0  00000+0 0  6537
2 28361  54.7047 276.6185 0089410 199.0443 239.5461  2.00564826 67305
GPS BIIR-13 [DASS]      
1 28474U 04045A   13241.14882425 -.00000044  00000-0  00000+0 0  5403
2 28474  53.7933 154.7360 0126677 213.8571  17.0862  2.00557783 64662
SARSAT 10 (NOAA 18)     
1 28654U 05018A   13241.51376825  .00000035  00000-0  44224-4 0  7375
2 28654  99.1081 210.8143 0014310   7.6078 140.9289 14.11857163426407
GPS BIIR-14M [DASS]     
1 28874U 05038A   13241.37668676 -.00000027  00000-0  00000+0 0  8005
2 28874  55.3595  98.2755 0086509 235.0895 263.9558  2.00563197 58081
MSG-2                   
1 28912U 05049B   13239.12864993  .00000041  00000-0  10000-3 0  6840
2 28912   0.3158 328.7395 0000321  47.0060  15.3351  1.00271808 28219
GOES 13                 
1 29155U 06018A   13238.44210161 -.00000271  00000-0  10000-3 0  7086
2 29155   0.0329 261.4325 0003376 207.5321 309.9959  1.00263061 26618
SARSAT 11 (METOP-A)     
1 29499U 06044A   13240.73063729  .00000037  00000-0  36707-4 0  1263
2 29499  98.7072 299.4648 0000770 176.8417 183.2765 14.21489658355887
GPS BIIR-16M [DASS]     
1 29601U 06052A   13241.29277484 -.00000044  00000-0  00000+0 0   231
2 29601  56.4442  37.8903 0044725  16.1576  27.4300  2.00552521 49699
GPS BIIR-17M [DASS]     
1 32260U 07047A   13241.18075417 -.00000002  00000-0  00000+0 0  9335
2 32260  53.8469 274.1897 0055011   5.8393  82.2546  2.00577461 43071
GPS BIIR-18M [DASS]     
1 32384U 07062A   13241.13942490 -.00000030  00000-0  00000+0 0  9687
2 32384  55.3974  98.7920 0017046 299.6122 258.6850  2.00573806 41807
SARSAT 12 (NOAA 19)     
1 33591U 09005A   13241.47606772  .00000240  00000-0  15659-3 0  9181
2 33591  98.9076 182.9785 0013364 219.2533 277.0073 14.11541514234837
GOES 14                 
1 35491U 09033A   13241.50663137 -.00000106  00000-0  10000-3 0   969
2 35491   0.4405 262.3728 0008899 288.1318 224.4334  1.00271654 15310
GOES 15                 
1 36411U 10008A   13240.01385384  .00000070  00000-0  00000+0 0  7125
2 36411   0.4497 263.5507 0004003 248.0863  54.4435  1.00258183 12799
ELEKTRO-L 1             
1 37344U 11001A   13240.50174752 -.00000117  00000-0  00000+0 0  6957
2 37344   0.0715 124.8277 0003499  42.6958  66.0155  1.00271198  9580
GLONASS-K 1             
1 37372U 11009A   13240.52415468 -.00000022  00000-0  10000-3 0  7489
2 37372  64.8797 111.6604 0005516 233.5211 288.6652  2.13111053 19462
GPS BIIF-2 [DASS]       
1 37753U 11036A   13241.37006479 -.00000043  00000-0  00000+0 0  7594
2 37753  55.0248 156.0841 0022320  14.6419 136.9561  2.00561478 15527
LUCH 5A                 
1 37951U 11074B   13241.31148829  .00000000  00000-0  10000-3 0  4343
2 37951   3.5465 257.1199 0006427 286.6139  73.1093  1.00269880  6304
MSG-3                   
1 38552U 12035B   13241.13469565 -.00000026  00000-0  00000+0 0  4717
2 38552   0.9597 239.0487 0001354 292.6735 213.7913  1.00276189  4357
SARSAT 13 (METOP-B)     
1 38771U 12049A   13241.19095741  .00000058  00000-0  46413-4 0  2863
2 38771  98.6965 300.5016 0001258   1.3395 358.7785 14.21491481 49082
GPS BIIF-3 [DASS]       
1 38833U 12053A   13241.14586833 -.00000102  00000-0  00000+0 0  3071
2 38833  54.9217 335.4563 0009774 359.8961   0.1397  2.00565327  6581
GALILEO-FM3 (GSAT0103)  
1 38857U 12055A   13239.05156783  .00000032  00000-0  00000+0 0  1308
2 38857  55.1968 230.6758 0004258 244.3820 115.5638  1.70473685  5432
GALILEO-FM4 (GSAT0104)  
1 38858U 12055B   13240.74616573  .00000036  00000-0  00000+0 0  1264
2 38858  55.1969 230.6269 0003389 249.8045 110.1537  1.70473635  5450
GPS BIIF-4 [DASS]       
1 39166U 13023A   13240.50349724 -.00000035  00000-0  10000-3 0   813
2 39166  55.0487  95.8002 0002056  14.5866 345.4930  2.00564743  2093
