AOR-E (EGNOS/PRN 120)   
1 24307U 96053A   13241.29734463 -.00000142  00000-0  10000-3 0  8472
2 24307   0.0880 253.1864 0005911 254.4027 281.6262  1.00272624 62170
ARTEMIS (EGNOS/PRN 124) 
1 26863U 01029A   13240.20522346  .00000099  00000-0  10000-3 0  5540
2 26863  10.7600  48.8908 0003869 129.3937 253.6218  1.00275796 45539
MTSAT-1R (MSAS/PRN 129) 
1 28622U 05006A   13239.69775703 -.00000301  00000-0  10000-3 0  9318
2 28622   0.0121 234.0352 0001280 137.9270 355.3539  1.00272373 31120
CRE (WAAS/PRN 138)      
1 28868U 05036A   13239.36489260 -.00000096  00000-0  00000+0 0  2956
2 28868   0.0303  63.5961 0001428  53.9785 242.2121  1.00272045 29255
CRW (WAAS/PRN 135)      
1 28884U 05041A   13241.02667042  .00000000  00000-0  10000-3 0  5921
2 28884   0.0292 255.1744 0001452 298.0109  20.8268  1.00271710 28739
IOR-W (EGNOS/PRN 126)   
1 28899U 05044A   13240.21035704  .00000120  00000-0  10000-3 0  8919
2 28899   2.2984 350.0135 0003182 175.6963 271.6917  1.00274437 28620
MTSAT-2 (MSAS/PRN 137)  
1 28937U 06004A   13239.86978788 -.00000263  00000-0  00000+0 0  4860
2 28937   0.0553  92.5978 0003398  51.9476 289.8357  1.00271979 27602
AMR (WAAS/PRN 133)      
1 33278U 08039A   13241.56151227 -.00000156  00000-0  10000-3 0  3466
2 33278   3.0080 347.5557 0003004 183.4368 271.4238  1.00272351 18458
QZS-1 (QZSS/PRN 183)    
1 37158U 10045A   13240.94141466 -.00000209  00000-0  00000+0 0  6133
2 37158  40.6192 179.5564 0753165 270.1691   3.9001  1.00267058 10854
GSAT-8 (GAGAN/PRN 127)  
1 37605U 11022A   13241.08501154  .00000065  00000-0  10000-3 0  5319
2 37605   0.0374 281.2767 0004600 326.5025 175.3429  1.00274743  8370
LUCH 5A (SDCM/PRN 140)  
1 37951U 11074B   13241.31148829  .00000000  00000-0  10000-3 0  4343
2 37951   3.5465 257.1199 0006427 286.6139  73.1093  1.00269880  6304
GSAT-10 (GAGAN/PRN 128) 
1 38779U 12051B   13239.99883771 -.00000186  00000-0  10000-3 0  2109
2 38779   0.0429 262.5909 0001170 216.8650 299.5161  1.00271537  3407
LUCH 5B (SDCM/PRN 125)  
1 38977U 12061A   13240.86630863 -.00000145  00000-0  00000+0 0  2324
2 38977   0.7011  97.4788 0005590  53.3009 122.3855  1.00273902  3291
