ALOUETTE 1 (S-27)       
1 00424U 62049A   13241.02304769  .00000060  00000-0  59132-4 0  2402
2 00424  80.4679 199.4150 0024071  55.3173 350.1264 13.68887155541534
IUE                     
1 10637U 78012A   13236.98114944 -.00000045  00000-0  00000+0 0  9225
2 10637  43.9826 355.0759 1482557 183.5010 175.3916  1.00069085 82769
IRAS                    
1 13777U 83004A   13240.48482978  .00000284  00000-0  22174-3 0  3100
2 13777  99.0027  76.0643 0019450 292.4789  99.6276 14.00226509232162
AKEBONO (EXOS-D)        
1 19822U 89016A   13241.57802701  .00030593  00000-0  79958-3 0  6366
2 19822  75.0739 336.9649 2359255 307.5661  33.3369 10.71492490753025
INTERCOSMOS 24          
1 20261U 89080A   13239.97457967  .00000872  00000-0  25262-3 0  1346
2 20261  82.5934 189.3172 1212158  57.7197 313.5566 12.54416282 91656
COBE                    
1 20322U 89089A   13240.11388413  .00000234  00000-0  17418-3 0  1199
2 20322  99.0018 250.0224 0009013 170.2030 231.5663 14.04567036218349
HST                     
1 20580U 90037B   13241.51811491  .00002058  00000-0  14557-3 0    31
2 20580  28.4697 152.0269 0003462  53.2785 306.8581 15.03879640 80746
CRRES                   
1 20712U 90065A   13241.10218936 -.00000164  00000-0  30098-3 0  6669
2 20712  17.7288 147.8636 7115793 179.0166 354.7426  2.44063449194400
SARA                    
1 21578U 91050E   13241.15889219  .00000499  00000-0  13491-3 0  8163
2 21578  98.4270 218.1615 0003880 138.7434 350.0825 14.51921990166869
ORBVIEW 1 (MICROLAB)    
1 23547U 95017C   13240.41093748  .00000444  00000-0  11282-3 0  2575
2 23547  69.9813 186.1575 0012946 237.6665 122.3220 14.57150417975793
RXTE (XTE)              
1 23757U 95074A   13241.18153954  .00006426  00000-0  14791-3 0  9685
2 23757  22.9879 192.4543 0005814 257.4808 235.3534 15.38933403981241
POLAR                   
1 23802U 96013A   13239.56447787 -.00000148  00000-0  10000-3 0  4779
2 23802  80.5317 302.5638 6918079  20.8537 357.3504  1.29843322 84130
FAST                    
1 24285U 96049A   13240.08969167  .00007052  00000-0  60129-3 0  8405
2 24285  82.9726   2.5018 1944137 111.8160 270.0382 11.37991404691748
TRACE                   
1 25280U 98020A   13240.79208865  .00002737  00000-0  20279-3 0  5618
2 25280  97.5766  80.3971 0030187 108.1840 347.2532 15.03590445841014
SAFIR 2                 
1 25399U 98043F   13240.90303093  .00000062  00000-0  44757-4 0  5837
2 25399  98.3845 211.1789 0002185  47.9584 345.9073 14.24204317786638
SWAS                    
1 25560U 98071A   13239.29959547  .00000925  00000-0  10628-3 0  3003
2 25560  69.9013 147.5111 0005989 123.8740 236.2985 14.89415336798232
ASTRID 2                
1 25568U 98072B   13240.71508993  .00000117  00000-0  11121-3 0  3851
2 25568  82.9481 290.1019 0026486 117.5215  31.5777 13.72220744736952
ORSTED                  
1 25635U 99008B   13240.63340149  .00000188  00000-0  53777-4 0  8985
2 25635  96.4521  90.9102 0140944 353.8643  41.4486 14.46716000765368
SUNSAT (SO-35)          
1 25636U 99008C   13240.50880683  .00000102  00000-0  33912-4 0  5863
2 25636  96.4509  79.3975 0148036  46.5987   7.3268 14.43949084764322
ABRIXAS                 
1 25721U 99022A   13240.80556150  .00005161  00000-0  18113-3 0  7605
2 25721  48.4595  75.8834 0016105  35.2039  37.7223 15.30861065794328
TERRIERS                
1 25735U 99026A   13240.60124157  .00002962  00000-0  10351-3 0  9558
2 25735  97.0833  64.4255 0006636  25.6767  16.7380 15.30282372792730
FUSE 1                  
1 25791U 99035A   13240.55562280  .00000314  00000-0  39757-4 0  5969
2 25791  24.9842 285.5669 0010076 187.0692 305.1473 14.42185134747940
CXO                     
1 25867U 99040B   13239.37128586  .00000000  00000-0  10000-3 0  9374
2 25867  75.8244 335.4488 8484698 276.9190   5.8399  0.37813426 10814
CLEMENTINE              
1 25978U 99064B   13240.44930964  .00002098  00000-0  22716-3 0   258
2 25978  98.1655   9.8524 0010176 161.4274 288.5080 14.89366522743736
XMM-NEWTON              
1 25989U 99066A   13242.64489677 -.00000115  00000-0  00000+0 0  4796
2 25989  64.4798  66.5924 7366916  94.2986   0.3486  0.50141889 13934
TERRA                   
1 25994U 99068A   13241.32515123  .00000392  00000-0  96996-4 0  4367
2 25994  98.2015 315.1964 0001131  92.6981 267.4357 14.57112014728564
ACRIMSAT                
1 26033U 99070B   13241.12282189  .00000119  00000-0  33013-4 0  9370
2 26033  97.8081  70.8615 0029294  48.7320  89.5306 14.61128815729484
IMAGE                   
1 26113U 00017A   13241.49353778  .00000000  00000-0  10000-3 0  4267
2 26113  92.8497 232.2880 7406168 105.0943 340.6863  1.68646588 82690
CLUSTER II-FM6 (SALSA)  
1 26410U 00041A   13239.55379676  .00000000  00000-0  10000-3 0    90
2 26410 136.2238 310.0096 7396640 122.4427 329.5706  0.44219382 11340
CLUSTER II-FM7 (SAMBA)  
1 26411U 00041B   13239.55376174  .00000000  00000-0  10000-3 0  9876
2 26411 136.2267 309.9661 7393721 122.3886 329.5738  0.44219396 11422
CLUSTER II-FM5 (RUMBA)  
1 26463U 00045A   13239.55573260  .00000000  00000-0  10000-3 0    64
2 26463 139.1473 307.6650 7381320 121.9350 329.7525  0.44219391 11922
CLUSTER II-FM8 (TANGO)  
1 26464U 00045B   13242.01840415  .00000000  00000-0  00000+0 0  9018
2 26464 136.3720 311.2634 7821093 125.8398 359.8620  0.44220856 47311
MEGSAT-1                
1 26546U 00057B   13240.47804866  .00000732  00000-0  98151-4 0  9998
2 26546  64.5587 352.6133 0039808 238.8339 191.9235 14.86709616699874
HETE-2                  
1 26561U 00061A   13241.15506545  .00003143  00000-0  17813-3 0  8981
2 26561   1.9497  13.7655 0021592  44.9158 315.2629 15.00243617705446
MUNIN                   
1 26621U 00075C   13240.07633517  .00000159  00000-0  15189-3 0  7317
2 26621  95.4029 241.2414 0715393  52.4964  28.2772 13.03922483607459
ODIN                    
1 26702U 01007A   13241.10800574  .00001955  00000-0  16306-3 0   542
2 26702  97.6351 253.6667 0003241  88.8955 271.2640 14.99722114682949
TIMED                   
1 26998U 01055B   13241.03407405  .00000576  00000-0  70687-4 0  5849
2 26998  74.0742 193.8700 0002706 259.9514 100.1360 14.85634213635134
RHESSI                  
1 27370U 02004A   13240.84405033  .00004278  00000-0  26539-3 0  1915
2 27370  38.0365 132.3124 0011973  38.5135 321.6480 15.09887308634824
INTEGRAL                
1 27540U 02048A   13243.51337628  .00000193  00000-0  00000+0 0  3435
2 27540  59.5349 255.7986 8622585 254.8890   0.2950  0.33420915  9438
FEDSAT                  
1 27598U 02056B   13240.48029738  .00000048  00000-0  35553-4 0   443
2 27598  98.2612 236.7719 0009480  32.7528 122.4049 14.28258649558081
WEOS                    
1 27599U 02056C   13240.73476442  .00000090  00000-0  51541-4 0   420
2 27599  98.2463 245.5920 0010455  39.7950  76.2737 14.28896472558338
MICRO LABSAT            
1 27600U 02056D   13240.09838068  .00000089  00000-0  51226-4 0   123
2 27600  98.2418 244.1584 0011455  41.5585  28.3486 14.29147134558365
CORIOLIS                
1 27640U 03001A   13240.69254528  .00000054  00000-0  47215-4 0  2641
2 27640  98.7576 247.8388 0013457 338.5535 152.5187 14.18614697551057
CHIPSAT                 
1 27643U 03002B   13240.84858344  .00001194  00000-0  94593-4 0  4726
2 27643  94.0220  20.1427 0011525  19.7845 128.3394 15.01032721580639
SORCE                   
1 27651U 03004A   13241.10689509  .00000907  00000-0  11977-3 0  1926
2 27651  39.9948 120.4130 0026989 227.8917 288.3164 14.84759299574079
GALEX                   
1 27783U 03017A   13240.54771800  .00000383  00000-0  55882-4 0  8636
2 27783  28.9977 281.9854 0004096  46.2282 106.5120 14.60756117552084
MOST                    
1 27843U 03031D   13240.05694080  .00000061  00000-0  48703-4 0  7310
2 27843  98.7186 246.9317 0010724  61.6272 331.5458 14.20311237526753
QUAKESAT                
1 27845U 03031F   13240.07522358  .00000254  00000-0  13701-3 0  7764
2 27845  98.7119 248.2196 0009841  67.7381 328.5804 14.21048051526806
AAU CUBESAT             
1 27846U 03031G   13240.02237414  .00000149  00000-0  88112-4 0  6420
2 27846  98.6913 248.1149 0009434  25.2881  34.2047 14.21476980527062
SCISAT 1                
1 27858U 03036A   13240.69077024  .00000312  00000-0  50616-4 0   323
2 27858  73.9344  45.7392 0007074 109.9648 351.8866 14.75762305540834
STSAT-1                 
1 27945U 03042G   13240.56708140  .00000177  00000-0  42407-4 0  9588
2 27945  97.7989  64.7498 0011306 333.4684  63.0866 14.63756852529831
GP-B                    
1 28230U 04014A   13241.19574030  .00000400  00000-0  54562-4 0  8274
2 28230  89.9032 143.8066 0003505 101.0863  59.1666 14.77037294504093
DEMETER                 
1 28368U 04025C   13241.34491527  .00000531  00000-0  91829-4 0  3080
2 28368  97.8055 283.0706 0002223  75.2286 284.9171 14.72112855491257
DOUBLESTAR TC-2         
1 28382U 04029A   13241.53839152  .00003875  00000-0  18450-2 0  2935
2 28382  88.1561 319.0035 7369990   8.2047 359.2234  2.15868578 70453
SWIFT                   
1 28485U 04047A   13240.81654058  .00002340  00000-0  16393-3 0  5203
2 28485  20.5576  81.9558 0013351  51.3744 308.7883 14.96644547479307
SUZAKU (ASTRO-EII)      
1 28773U 05025A   13241.19537471  .00002412  00000-0  15668-3 0   907
2 28773  31.3828 245.2773 0006437 175.5848 269.7491 15.05930385447116
AKARI (ASTRO-F)         
1 28939U 06005A   13240.81511958  .00004902  00000-0  25666-3 0  2615
2 28939  98.2293 300.3024 0165077 252.8796 243.0627 15.05305296402403
FORMOSAT-3 FM6          
1 29047U 06011A   13240.28782781  .00000170  00000-0  84602-4 0  1784
2 29047  71.9807 139.6571 0051267  24.2540 113.8419 14.27715166386471
FORMOSAT-3 FM1          
1 29048U 06011B   13240.78209264  .00000114  00000-0  62315-4 0  2595
2 29048  71.9695  52.3240 0045809 336.6656 116.7997 14.27710714389025
FORMOSAT-3 FM5          
1 29049U 06011C   13240.44633262  .00000136  00000-0  71307-4 0  1941
2 29049  72.0204 210.6338 0035023  24.4787 121.0109 14.27723532384756
FORMOSAT-3 FM3          
1 29050U 06011D   13240.58517884  .00000407  00000-0  10162-3 0  5338
2 29050  72.0155 246.1310 0051532 157.3747 202.9693 14.55986115394232
FORMOSAT-3 FM4          
1 29051U 06011E   13240.19909934  .00000146  00000-0  73931-4 0  2507
2 29051  72.0066 117.5652 0070428 261.0783 246.0875 14.27728974387309
FORMOSAT-3 FM2          
1 29052U 06011F   13240.35550240  .00000103  00000-0  57887-4 0  2716
2 29052  72.0361 184.1147 0041621 351.5924 153.2819 14.27788705385631
CLOUDSAT                
1 29107U 06016A   13241.27800736  .00000275  00000-0  71054-4 0  3759
2 29107  98.1994 184.2062 0001534  84.5412 275.5975 14.57113009390329
CALIPSO                 
1 29108U 06016B   13241.27696632  .00000581  00000-0  13890-3 0  3964
2 29108  98.1996 183.7696 0001171  76.7997 283.3347 14.57115804390254
HINODE (SOLAR-B)        
1 29479U 06041A   13240.10912522  .00000381  00000-0  83018-4 0  1767
2 29479  98.1214 238.2135 0016290 264.8420 136.7527 14.63324522370122
SJ-6C                   
1 29505U 06046A   13241.27664070  .00000901  00000-0  94039-4 0  6301
2 29505  97.7481 234.7137 0004218  42.5163 317.6411 14.92150342372705
SJ-6D                   
1 29506U 06046B   13241.33998979  .00001068  00000-0  11272-3 0  5847
2 29506  97.7599 233.4459 0003720  85.0488 275.1161 14.91315205372539
COROT                   
1 29678U 06063A   13240.47218352  .00000068  00000-0  40229-4 0  1930
2 29678  90.0209  10.9925 0005527  48.4695 353.1022 13.98360963340354
AGILE                   
1 31135U 07013A   13239.15871591  .00005163  00000-0  20840-3 0  8237
2 31135   2.4647  43.6502 0017636 146.7372 213.4867 15.16322147351249
AIM                     
1 31304U 07015A   13240.44824653  .00002341  00000-0  19949-3 0  1278
2 31304  97.8669 356.8994 0009927 157.4648 291.6128 14.98732495345771
FGRST (GLAST)           
1 33053U 08029A   13240.81710025  .00001282  00000-0  64347-4 0  3969
2 33053  25.5831  73.0700 0013897  93.9300  16.0344 15.07260566287293
IBEX                    
1 33401U 08051A   13239.41218289 -.00003835  00000-0  00000+0 0   606
2 33401  13.9282 312.6143 6175342 190.6479 349.6756  0.10371139  2212
KORONAS-FOTON           
1 33504U 09003A   13241.37293122  .00002223  00000-0  13842-3 0  8345
2 33504  82.4725 167.0230 0019563 210.2329 149.7770 15.08960171251693
TATIANA 2               
1 35868U 09049D   13241.33080805  .00000091  00000-0  60074-4 0  7573
2 35868  98.5941 292.6012 0003669 200.1003 160.0030 14.22386605204913
UGATUSAT                
1 35869U 09049E   13241.28925013  .00000042  00000-0  38474-4 0  7101
2 35869  98.5903 291.7868 0003912 216.3759 143.7157 14.22142334204882
SUMBANDILA (SO-67)      
1 35870U 09049F   13241.34422596  .00005515  00000-0  20542-3 0  3751
2 35870  97.1879 267.4969 0003629  75.0275  21.5364 15.27847273219420
WISE                    
1 36119U 09071A   13240.13039250  .00003069  00000-0  15529-3 0   624
2 36119  97.5207 246.9946 0004415 131.5769 270.5366 15.17771279204707
SDO                     
1 36395U 10005A   13241.43627818 -.00000080  00000-0  00000+0 0  8067
2 36395  27.8577 165.8987 0001146 282.0030 304.6994  1.00268763 13175
CRYOSAT 2               
1 36508U 10013A   13241.19682870  .00000101  00000-0  24252-4 0   250
2 36508  92.0193 226.3938 0009971  38.4901 144.9322 14.52181584179722
PICARD                  
1 36598U 10028A   13241.34498568  .00000119  00000-0  42110-4 0  5034
2 36598  98.2967  65.0608 0001003 291.3076  68.8008 14.49798619169601
SPEKTR-R                
1 37755U 11037A   13247.85401476 -.00000415  00000-0  00000+0 0   611
2 37755  53.2767 286.9884 9073718   7.1114   8.3667  0.11816336   923
GCOM-W1 (SHIZUKU)       
1 38337U 12025A   13241.34274907  .00000348  00000-0  87154-4 0  5047
2 38337  98.2005 180.5173 0000860  62.6033 297.5256 14.57113869 68262
NUSTAR                  
1 38358U 12031A   13240.66633076  .00002256  00000-0  18925-3 0  2548
2 38358   6.0272 280.4228 0012443 151.2866 208.7975 14.83023758 65555
NEOSSAT                 
1 39089U 13009D   13240.57449060  .00000079  00000-0  44291-4 0  1517
2 39089  98.6283  70.4922 0012215  85.6307 274.6289 14.33911457 26364
BRITE-AUSTRIA           
1 39091U 13009F   13240.56594777  .00000171  00000-0  76397-4 0  1532
2 39091  98.6279  70.6560 0011331  98.9128 261.3344 14.34529922 26377
UNIBRITE                
1 39092U 13009G   13240.51233494  .00000182  00000-0  80296-4 0  1562
2 39092  98.6283  70.5571 0010464  91.2450 268.9952 14.34404383 26364
IRIS                    
1 39197U 13033A   13240.56548888  .00000711  00000-0  10995-3 0   617
2 39197  97.8996  67.0952 0028974 345.5452  14.4948 14.76039167  9065
