LANDSAT 4               
1 13367U 82072A   13241.16126720  .00001684  00000-0  11336-3 0  4299
2 13367  98.2544 278.0522 0015310 218.6708 177.0778 15.08208088675175
TDRS 1                  
1 13969U 83026B   13241.14852596 -.00000246  00000-0  10000-3 0  6150
2 13969  13.9448 358.3490 0025895 137.1944 223.0499  0.98746036 84205
LANDSAT 5               
1 14780U 84021A   13240.79952511  .00001606  00000-0  16878-3 0   610
2 14780  98.0912 307.9446 0099568  49.5243 311.4596 14.87362329569147
ERBS                    
1 15354U 84108B   13241.20267734  .00003468  00000-0  15484-3 0  2945
2 15354  57.0131 277.3232 0020973  29.6525 330.5705 15.23807588585056
TDRS 3                  
1 19548U 88091B   13239.46941958 -.00000311  00000-0  10000-3 0  1360
2 19548  14.2395  23.3557 0009565 337.7283  95.0761  1.00274623 78509
TDRS 4                  
1 19883U 89021B   13240.67522509 -.00000238  00000-0  00000+0 0  4522
2 19883  11.5926  30.1522 0014454 191.2238 168.8130  0.98485791261986
HST                     
1 20580U 90037B   13241.51811491  .00002058  00000-0  14557-3 0    31
2 20580  28.4697 152.0269 0003462  53.2785 306.8581 15.03879640 80746
TDRS 5                  
1 21639U 91054B   13241.26815505  .00000080  00000-0  00000+0 0  3703
2 21639  12.8669  37.1703 0013087   1.9004 227.3456  1.00270927 80846
TOPEX/POSEIDON          
1 22076U 92052A   13241.12631191 -.00000022  00000-0  16912-3 0   707
2 22076  66.0403 124.3789 0007916 269.3746 256.6006 12.80977293984714
TDRS 6                  
1 22314U 93003B   13240.42083679 -.00000302  00000-0  10000-3 0  3912
2 22314  12.2937  39.9912 0007086 355.4891  46.9171  1.00275871 75558
TDRS 7                  
1 23613U 95035B   13240.59901027 -.00000211  00000-0  10000-3 0  5366
2 23613  13.7801  30.6874 0026819   6.3973 240.4299  1.00273390 66354
RXTE (XTE)              
1 23757U 95074A   13241.18153954  .00006426  00000-0  14791-3 0  9685
2 23757  22.9879 192.4543 0005814 257.4808 235.3534 15.38933403981241
TRMM                    
1 25063U 97074A   13241.49800587 -.00000006  00000-0  00000+0 0  4109
2 25063  34.9595 269.7745 0001455 306.0222  54.0880 15.55891346899236
KIKU-7 (ETS-VII)        
1 25064U 97074B   13240.50638162  .00010304  00000-0  26103-3 0  9662
2 25064  34.9688   7.9135 0005375 201.2941 228.2139 15.38894019875927
ISS (ZARYA)             
1 25544U 98067A   13241.39990741  .00008176  00000-0  14800-3 0  4862
2 25544  51.6499 105.5504 0004476  12.3451 332.2743 15.50589082846053
LANDSAT 7               
1 25682U 99020A   13241.30967576 -.00001071  00000-0 -22771-3 0  4513
2 25682  98.2313 309.6325 0000777  92.8407 267.2852 14.57096183764485
FUSE 1                  
1 25791U 99035A   13240.55562280  .00000314  00000-0  39757-4 0  5969
2 25791  24.9842 285.5669 0010076 187.0692 305.1473 14.42185134747940
TERRA                   
1 25994U 99068A   13241.32515123  .00000392  00000-0  96996-4 0  4367
2 25994  98.2015 315.1964 0001131  92.6981 267.4357 14.57112014728564
TDRS 8                  
1 26388U 00034A   13240.82956174 -.00000239  00000-0  10000-3 0  9726
2 26388   4.8951  70.6033 0005025  88.7367 205.4306  1.00265870 48300
EO-1                    
1 26619U 00075A   13241.30959170  .00000639  00000-0  13348-3 0  7809
2 26619  98.0227 301.6362 0010449 166.5605 193.5877 14.63038825680488
TIMED                   
1 26998U 01055B   13241.03407405  .00000576  00000-0  70687-4 0  5849
2 26998  74.0742 193.8700 0002706 259.9514 100.1360 14.85634213635134
TDRS 9                  
1 27389U 02011A   13241.34173138 -.00000280  00000-0  10000-3 0  2217
2 27389   2.4031 108.9660 0008811 305.1663   5.7546  1.00271431 43567
AQUA                    
1 27424U 02022A   13240.81360075  .00000377  00000-0  93685-4 0  7546
2 27424  98.2032 181.0788 0001786  76.3487  20.4403 14.57132881602095
TDRS 10                 
1 27566U 02055A   13240.69040743  .00000065  00000-0  10000-3 0  9299
2 27566   2.4494  64.3033 0007502 167.2970 179.7400  1.00278147 39376
SORCE                   
1 27651U 03004A   13241.10689509  .00000907  00000-0  11977-3 0  1926
2 27651  39.9948 120.4130 0026989 227.8917 288.3164 14.84759299574079
GALEX                   
1 27783U 03017A   13240.54771800  .00000383  00000-0  55882-4 0  8636
2 27783  28.9977 281.9854 0004096  46.2282 106.5120 14.60756117552084
GP-B                    
1 28230U 04014A   13241.19574030  .00000400  00000-0  54562-4 0  8274
2 28230  89.9032 143.8066 0003505 101.0863  59.1666 14.77037294504093
AURA                    
1 28376U 04026A   13240.86941803  .00000569  00000-0  13633-3 0  9019
2 28376  98.1979 183.3075 0001103  98.9460 261.1898 14.57126673485159
SWIFT                   
1 28485U 04047A   13240.81654058  .00002340  00000-0  16393-3 0  5203
2 28485  20.5576  81.9558 0013351  51.3744 308.7883 14.96644547479307
THEMIS A                
1 30580U 07004A   13240.27795669 -.00000599  00000-0  00000+0 0  6055
2 30580  12.1769  53.7679 8219500  93.6120   0.1326  1.04957165 23440
THEMIS D                
1 30797U 07004D   13240.81093885  .00000000  00000-0  10000-3 0  7586
2 30797   8.2824  25.4087 8190537 118.4039 343.6423  1.04994776 23295
THEMIS E                
1 30798U 07004E   13240.99561892 -.00000607  00000-0  00000+0 0  7639
2 30798   8.4668  39.2859 8192634 106.4774   0.2011  1.04980026 23457
AIM                     
1 31304U 07015A   13240.44824653  .00002341  00000-0  19949-3 0  1278
2 31304  97.8669 356.8994 0009927 157.4648 291.6128 14.98732495345771
C/NOFS                  
1 32765U 08017A   13240.50007204  .00020311  00000-0  69269-3 0  3599
2 32765  13.0034 308.0045 0224820 249.9368 223.2329 15.06786609292368
FGRST (GLAST)           
1 33053U 08029A   13240.81710025  .00001282  00000-0  64347-4 0  3969
2 33053  25.5831  73.0700 0013897  93.9300  16.0344 15.07260566287293
WISE                    
1 36119U 09071A   13240.13039250  .00003069  00000-0  15529-3 0   624
2 36119  97.5207 246.9946 0004415 131.5769 270.5366 15.17771279204707
TDRS 11                 
1 39070U 13004A   13240.74508461  .00000108  00000-0  10000-3 0  2123
2 39070   6.8526 331.3669 0010673 227.5936 256.4254  1.00275283  2154
