ORBVIEW 2 (SEASTAR)     
1 24883U 97037A   13240.82777894  .00000117  00000-0  58804-4 0  1140
2 24883  98.4585 353.8208 0001446 232.0528 274.1726 14.32678053853051
METEOSAT-7              
1 24932U 97049B   13240.01980307  .00000041  00000-0  10000-3 0  7949
2 24932   8.5571  51.3541 0001792 114.4823 235.1342  1.00269502 58557
NOAA 15                 
1 25338U 98030A   13241.45787359  .00000100  00000-0  61374-4 0  8546
2 25338  98.7307 231.2868 0009435 274.6318 238.7894 14.25259797795282
NOAA 16                 
1 26536U 00055A   13241.27439340  .00000199  00000-0  13114-3 0  3429
2 26536  99.0357 294.7385 0009486 289.9568 112.3623 14.12909664666894
GOES 12                 
1 26871U 01031A   13241.38892193  .00000043  00000-0  10000-3 0  2021
2 26871   3.6361  73.2781 0004668 167.2452 123.0946  0.99135290 44386
FENGYUN 1D              
1 27431U 02024B   13241.35242768  .00000103  00000-0  84031-4 0  5375
2 27431  98.8239 203.9337 0016062  35.3818 324.8407 14.09407278580900
NOAA 17                 
1 27453U 02032A   13241.48387190  .00000078  00000-0  51330-4 0  2511
2 27453  98.3130 251.6799 0010582 314.0455 209.6983 14.24614248581157
METEOSAT-8 (MSG-1)      
1 27509U 02040B   13241.06416985  .00000002  00000-0  00000+0 0  5165
2 27509   2.2683  62.6103 0001227 116.7978 184.6562  1.00275565 40372
KALPANA-1 (METSAT 1)    
1 27525U 02043A   13240.59512168 -.00000099  00000-0  00000+0 0  7656
2 27525   3.7959  66.1183 0009480 196.1043   2.9175  1.00272626 40167
INSAT-3A                
1 27714U 03013A   13241.54182313 -.00000278  00000-0  10000-3 0  8414
2 27714   0.0244 236.0798 0004510 333.9130  56.4788  1.00273623 38081
FENGYUN 2C              
1 28451U 04042A   13240.47811507 -.00000380  00000-0  10000-3 0  7627
2 28451   4.8818  61.7191 0000914  88.9004 121.6305  1.00262143 32427
HIMAWARI-6 (MTSAT-1R)   
1 28622U 05006A   13239.69775703 -.00000301  00000-0  10000-3 0  9318
2 28622   0.0121 234.0352 0001280 137.9270 355.3539  1.00272373 31120
NOAA 18                 
1 28654U 05018A   13241.51376825  .00000035  00000-0  44224-4 0  7375
2 28654  99.1081 210.8143 0014310   7.6078 140.9289 14.11857163426407
METEOSAT-9 (MSG-2)      
1 28912U 05049B   13239.12864993  .00000041  00000-0  10000-3 0  6840
2 28912   0.3158 328.7395 0000321  47.0060  15.3351  1.00271808 28219
MTSAT-2                 
1 28937U 06004A   13239.86978788 -.00000263  00000-0  00000+0 0  4860
2 28937   0.0553  92.5978 0003398  51.9476 289.8357  1.00271979 27602
FORMOSAT-3 FM6          
1 29047U 06011A   13240.28782781  .00000170  00000-0  84602-4 0  1784
2 29047  71.9807 139.6571 0051267  24.2540 113.8419 14.27715166386471
FORMOSAT-3 FM1          
1 29048U 06011B   13240.78209264  .00000114  00000-0  62315-4 0  2595
2 29048  71.9695  52.3240 0045809 336.6656 116.7997 14.27710714389025
FORMOSAT-3 FM5          
1 29049U 06011C   13240.44633262  .00000136  00000-0  71307-4 0  1941
2 29049  72.0204 210.6338 0035023  24.4787 121.0109 14.27723532384756
FORMOSAT-3 FM3          
1 29050U 06011D   13240.58517884  .00000407  00000-0  10162-3 0  5338
2 29050  72.0155 246.1310 0051532 157.3747 202.9693 14.55986115394232
FORMOSAT-3 FM4          
1 29051U 06011E   13240.19909934  .00000146  00000-0  73931-4 0  2507
2 29051  72.0066 117.5652 0070428 261.0783 246.0875 14.27728974387309
FORMOSAT-3 FM2          
1 29052U 06011F   13240.35550240  .00000103  00000-0  57887-4 0  2716
2 29052  72.0361 184.1147 0041621 351.5924 153.2819 14.27788705385631
GOES 13                 
1 29155U 06018A   13238.44210161 -.00000271  00000-0  10000-3 0  7086
2 29155   0.0329 261.4325 0003376 207.5321 309.9959  1.00263061 26618
METOP-A                 
1 29499U 06044A   13240.73063729  .00000037  00000-0  36707-4 0  1263
2 29499  98.7072 299.4648 0000770 176.8417 183.2765 14.21489658355887
FENGYUN 2D              
1 29640U 06053A   13240.85344981 -.00000218  00000-0  10000-3 0  7519
2 29640   1.7547  71.7316 0001252  84.2594 215.0078  1.00266951 24676
FENGYUN 3A              
1 32958U 08026A   13241.29185645  .00000067  00000-0  52211-4 0  2210
2 32958  98.5990 304.3383 0009689 344.7845  15.3041 14.19365393272436
NOAA 19                 
1 33591U 09005A   13241.47606772  .00000240  00000-0  15659-3 0  9181
2 33591  98.9076 182.9785 0013364 219.2533 277.0073 14.11541514234837
GOES 14                 
1 35491U 09033A   13241.50663137 -.00000106  00000-0  10000-3 0   969
2 35491   0.4405 262.3728 0008899 288.1318 224.4334  1.00271654 15310
METEOR-M 1              
1 35865U 09049A   13241.19828773 -.00000013  00000-0  13362-4 0  7605
2 35865  98.5956 291.8037 0001731 210.6867 149.4210 14.21891909204846
GOES 15                 
1 36411U 10008A   13240.01385384  .00000070  00000-0  00000+0 0  7125
2 36411   0.4497 263.5507 0004003 248.0863  54.4435  1.00258183 12799
COMS 1                  
1 36744U 10032A   13240.47823704 -.00000364  00000-0  10000-3 0  6383
2 36744   0.0259  80.4337 0000647  46.2873 150.4941  1.00271302 11769
FENGYUN 3B              
1 37214U 10059A   13241.31612359  .00000087  00000-0  62652-4 0   871
2 37214  98.8063 185.6956 0000615 148.0939 212.0275 14.19357185145934
ELEKTRO-L 1 (GOMS 2)    
1 37344U 11001A   13240.50174752 -.00000117  00000-0  00000+0 0  6957
2 37344   0.0715 124.8277 0003499  42.6958  66.0155  1.00271198  9580
SUOMI NPP               
1 37849U 11061A   13241.11592380  .00000031  00000-0  35613-4 0  5666
2 37849  98.7555 178.8001 0001332 134.7696 350.8156 14.19530106 95150
FENGYUN 2F              
1 38049U 12002A   13240.88219972 -.00000375  00000-0  10000-3 0  4394
2 38049   1.1322 278.5101 0002949 282.8453 205.2888  1.00263959  6010
METOP-B                 
1 38771U 12049A   13241.19095741  .00000058  00000-0  46413-4 0  2863
2 38771  98.6965 300.5016 0001258   1.3395 358.7785 14.21491481 49082
METEOSAT-10 (MSG-3)     
1 38552U 12035B   13241.13469565 -.00000026  00000-0  00000+0 0  4717
2 38552   0.9597 239.0487 0001354 292.6735 213.7913  1.00276189  4357
