MACSAT 2 (M 2)          
1 20608U 90043B   13240.49708130  .00000519  00000-0  72881-4 0   439
2 20608  89.7537  32.8632 0090613 241.2142 149.9138 14.73282856248977
TUBSAT A                
1 21577U 91050D   13241.09745389  .00000092  00000-0  44544-4 0  7458
2 21577  98.6722 206.3034 0007082 146.8838 343.6837 14.38904501160759
S80/T                   
1 22078U 92052C   13238.85911142 -.00000075  00000-0 -53691-4 0  3643
2 22078  66.0885 350.6573 0016660 284.9661 221.5614 12.86756826988803
HEALTHSAT 1             
1 22827U 93061E   13239.94328257  .00000119  00000-0  62350-4 0  4905
2 22827  98.6200 186.0910 0009627  48.0014 353.7312 14.30616995 39330
TUBSAT B                
1 22970U 94003B   13241.17401617  .00000154  00000-0  36797-3 0  2532
2 22970  82.5651 146.9942 0016362  17.3567 149.4326 13.16933640941886
CERISE                  
1 23606U 95033B   13240.15493933  .00001274  00000-0  14324-3 0  1661
2 23606  98.3369  92.3778 0006324 167.3206 192.8170 14.88633567979557
UPM/LBSAT               
1 23607U 95033C   13239.98774216  .00000490  00000-0  78662-4 0  3710
2 23607  98.2447   5.8974 0006618  49.1275  87.1317 14.76144888975038
FAISAT 2V               
1 24954U 97052B   13241.16359125  .00000069  00000-0  51020-4 0  8659
2 24954  82.9193 246.7695 0040863 137.8576 293.9670 13.79789074802196
MUBLCOM                 
1 25736U 99026B   13241.06693292  .00000514  00000-0  15429-3 0  9980
2 25736  97.6782  55.5755 0005547  23.0898 337.0544 14.46133294752329
RUBIN-3 & SL-8 R/B      
1 27561U 02054C   13240.49198655  .00000230  00000-0  63590-4 0  9777
2 27561  98.0639  25.3688 0048009 156.1217 244.4448 14.54504292570327
APRIZESAT 2             
1 28366U 04025A   13240.83155983  .00000044  00000-0  28474-4 0  5654
2 28366  98.2740 180.3488 0107637 244.3556 114.6481 14.36018692480289
SAUDICOMSAT 1           
1 28369U 04025D   13240.51994951  .00000201  00000-0  60794-4 0  6295
2 28369  98.0025 221.1180 0033129 353.7948 153.2743 14.51307785485289
SAUDICOMSAT 2           
1 28370U 04025E   13240.49885178  .00000192  00000-0  64113-4 0  6236
2 28370  98.1133 206.1860 0059786  71.0516  76.7697 14.46374021483644
APRIZESAT 1             
1 28372U 04025G   13241.13319292  .00000217  00000-0  68106-4 0  6121
2 28372  98.0611 213.2423 0047370  30.6801  98.9392 14.48712225484535
NANOSAT-1               
1 28493U 04049B   13241.13497814  .00000406  00000-0  73711-4 0  6395
2 28493  98.3778 260.6776 0005961  92.3278 311.8461 14.71680631466643
SAUDICOMSAT 7           
1 31119U 07012C   13240.76743071  .00000253  00000-0  60158-4 0  9332
2 31119  97.8246 250.9292 0062940 118.1784 348.0337 14.60268903339229
SAUDICOMSAT 6           
1 31121U 07012E   13240.05313462  .00000275  00000-0  68054-4 0  9296
2 31121  97.8541 239.9748 0079236 155.8363 237.2801 14.57106513338408
SAUDICOMSAT 5           
1 31124U 07012H   13240.75967788  .00000276  00000-0  62871-4 0  9351
2 31124  97.8141 256.9496 0054437 101.0285 320.6389 14.61898047339592
SAUDICOMSAT 3           
1 31125U 07012J   13240.50363198  .00000289  00000-0  63613-4 0  9506
2 31125  97.8074 262.6254 0045966  85.4850  74.7019 14.63492223339915
SAUDICOMSAT 4           
1 31127U 07012L   13240.52794296  .00000233  00000-0  57606-4 0  9400
2 31127  97.8378 245.8272 0070893 135.7075  10.3980 14.58785136338848
APRIZESAT 4             
1 35684U 09041D   13240.35679976  .00000282  00000-0  46838-4 0  2675
2 35684  98.0531 156.7301 0047890 250.2684 258.4092 14.77201770219932
APRIZESAT 3             
1 35686U 09041F   13240.46682304  .00000430  00000-0  55783-4 0  2942
2 35686  98.1134 176.0170 0076958 206.5341 246.9001 14.84255346220945
AISSAT 1                
1 36797U 10035C   13241.32979461  .00001149  00000-0  14984-3 0  3980
2 36797  98.0313 326.0282 0011652 191.5722 168.5221 14.82465192169387
